0x93b43Cb7F6b48685cb01c9895640ECC30e25b1bA 0.07
0xBF58D3B5FeedB4d980f49C446b5e7E6F8e73bCaA 0.09
0x028C5555DD56cf587280efF8Ba4BCF99675536A1 0.09
0xB6458FcA925b13feE17Ef806e2D9034f9685841F 0.01
0x98A119316F0C6ab7Ee701003d9dD4538298a57de 0.02
0xAEE3163498A7C64A114ab439E7Fd3e3860138BdD 0.01
0x4BAF855F7817232d818781880D0574C8458Cc0e5 0.01
0x26E2844C326c1c2507D5cC8d4bAde5e292fd92d5 0.06
0xEE085cC0De6766D8694172922c02e1f81E60c524 0.04
0x954B341dAEe62BEBE5e247C857190422a8C319f0 0.02
0x179ff6Ab78C78c785cAB547B9e42364665008e7E 0.07
0x9f51BEC4a591b875cA3CaE10DB5f3bC2214b556E 0.09
0x92CF68dFD5aCA3CbA1bCefb8771273277063DC75 0.03
0x1FbDC45d3B3F6233B7d320bB08DDa818fdEDE923 0.03
0xD1DBC7610051D02Dd783A41Fa57698182f66C702 0.06
0x5D7e5956c8816f8928A4f2F195188c109C882a76 0.06
0x1e7bd94F110c61D9A71Ba88c27A902eea4CBDCb6 0.08
0x82dcff45019AC166191fB7818E2c25e94Ad5f911 0.07
0xf31F0a8a567b134fcAb319ddAFa6ba93A382d4f6 0.07
0xB89F3aF959D0c9e7E68fee0E8Bf0f4e4F2EE0738 0.03
0x8E00655eAEE2D48d39284B31dB6f3a697CC3Ea06 0.08
0x9C458FB8475c8F14369E3eD90A880B64649930c9 0.07
0x38371903E67595fFbBC26890d9f5b833CC4bFb7A 0.01
0x1fda5624D333aF2A5F4415b7acc4BFf0a6Ed7D75 0.02
0xffd158ba8D20F149eFf0B1BA8273e4b968136EeC 0.01
0x328CE71B6bFAccD4C589147578Ca33bE0d1F2d80 0.06
0x9394afbD604b72814b7776bE6Db65ddc3e55cddc 0.06
0x21Ead4181C87A58a82Bfe8BD5574a4b0C8C76313 0.04
0x87E4A29A042F6A65D0cc8c77C899eea5311ed5E7 0.06
0xA4846134Eed6ddD7548C040a4EC1F3EeB9229621 0.04
0x5D420c7ddB6633350CC4ce3dca3c4f8872557eA5 0.06
0x121871CC521D38d882D5B228B304F4198CAd3995 0.07
0x1097dA65F74d8f6419026951BF4F584E3119A6e8 0.02
0x5CB5658B28a033328e41BfE0d90636c3b1411dC0 0.06
0xb6D9A56604074CAB9C5c6dc2Beb0C8DA05A47E2C 0.02
0x9ef0D670882663f427f8801D7cd60b2714E72761 0.06
0x7f62Fbb8a9E707e44A198584ae2e8Db67cEfC30a 0.02
0xeC3921C3824555DD33896C904D7F6a7ad210F524 0.06
0x1A8d2CF77799DfBc3D798bdf119F761e6ac3A394 0.05
0x24D717687172D7a37eEc6650705C0AD944eE2a48 0.02
0x092Db3bA4C5A53A81438782F777BAbE87d614AA7 0.04
0x7Cd1BB2b481fD0CB71540ba9d0788e0a2D492340 0.01
0x72Fd741E10DAaC0f070d7D17a9BEFbA2e34ba875 0.01
0x585ee3761638686663b076300f0c0F8542ae8597 0.05
0x0F5994afdF8C01351A37e501Cd28A961D76Da66e 0.06
0x3bbf1243549B086be1e76DC43bBF9bd9812AB628 0.01
0x69Cb120ae9704B0Fc6fEEC4E6482163CDbf965bD 0.02
0x06C01aE6d647D0CC48690067D46164a9554BD9E9 0.08
0x67c8179fAaB5596f3afA2d7AF40C631f46bC49d6 0.01
0x4B32392Fc82C1aBF5D3e9502D9322bd819D12DBc 0.02
0x536749fbb426251b043C4f81dECf29cAff106cb3 0.07
0x8D428e8128FC1fA31b99f187eA3963e5EE8109De 0.06
0x80Aa73EE644031C41Dd0c9C92Db1530A2c24413b 0.08
0x1EFDA1D257563D7EF3E35BD89d2B5f716F38C3d8 0.06
0x3fFb6b0e6420ca61E3dd4bd017164633aC4e47d8 0.09
0x026E469692Cbe4Bc86454b0957875F309b537bc9 0.09
0x41fAbEC8165549c0Db685611587601f0E4e82EA2 0.02
0x220E5C35fdef9E813E7210BB3a9Cc46D248ef3Be 0.03
0xacbe0A2184CC27F1A956dCDBEd28527a4f5331Bb 0.04
0x742da30B8676A918B1f2d655dd02Cae2794caB9E 0.08
0x000fA1ec1BEc308eB9F547b9363C8fBe75542227 0.03
0xB2cd98D9b958915EBFd631CA61aab96Aa11447AD 0.04
0x4818457352D018be00Ef3Ecf43c6548B6E5a1727 0.07
0xd07781026267a4cfaf3E7a66B85eD235120c9Ec4 0.01
0x1155894ceb25F6291531CFA04df9Ae26d80f7aE9 0.09
0xF29491459411b195EC5F6e792Cbbd25a0f54c2A7 0.04
0x209d389A70466D6734428e6fe9ecD3cA2B75c3ec 0.07
0xfe48012b57A02b31715e2b73718bD1dC3823B58d 0.01
0x0E440bd9798Ad22CB8fd6F1a433f2F16E8786770 0.07
0xF4C2E66bBCb7CD3C55A8810f3862c50a0c41ADd1 0.06
0x7dd259470147e4f80a4fba5f06f6451dd70552df 0.07
0xbe84115990E0be631CaE78691a57f87bfB707028 0.09
0x60aE51c70123B4803E74236453Cc458d203C1171 0.03
0x9264481c1FFC3203a6503500Fc9dB001872c3EE7 0.09
0xCb526E3205BfC3565f52aAFbe5FA38AEB4bbD39e 0.05
0xe58aED2E091Cc3efA2ae3cE615cDaE0756De2eC0 0.07
0x2d095F497DD1a9B06A3df74D9342e2F33E8Ca51c 0.01
0x914A5Bff9aD5EA905712BA657079488d7380c4F0 0.08
0x92362245F43Cf5a60970b1812C43EB5084623ae5 0.07
0xfEb886b75BD2F238333fD1Ae9A842E0E3b83e766 0.06
0xcAC136a8cA84939D41A42Db31308167d1393BaA3 0.03
0x2bCa922A38D6E11E3CE9373a2692D52159a49e8F 0.05
0x0F3306e70df05b0AeD26b6F54Ecdd4952C3e905f 0.04
0x1664E7C0887d03baF278d57b09aB85DaAC69EAFE 0.09
0xAD7E6f404C626B7f0afC49195E11d756a89f4147 0.09
0x6F471EcB704A38E653C839DdD7E3957E989a9d29 0.07
0x5B949eb437539C21d8bd42e407EDe254Dd5245a1 0.07
0xFcD191cC01a768AfBf99caf6af1FaA2fceb63B53 0.01
0x82CA8b7bA426B79248C978Fa27d4c1A88933803E 0.04
0x129DF6f7558639013C1D98a1C51F08A8Ca1c788F 0.02
0x1B9c521984fC08A6B156a16DeBc520Dfc6939702 0.07
0xeF36E534cC906B237A3F34072D5fD99F7Bb3Caa6 0.04
0xfDfa4CdD37Bd09851058fFDC9Cb2038424e3d15b 0.09
0x0cf0702D23F60d367d9c7158Db3a7D8cC0Ef790f 0.05
0xb5d252BD29CA6a8ce7651ABa556f00c6B0B5E0EE 0.04
0xA84D6A22204B40160CFe468b4D033BEE2d833296 0.06
0x4ECd3a45C29BE609Ed15D386780EF5427DFE2D71 0.09
0xf5e9E4A217989A54A13a2F9402bFe0Bea4BBA8B9 0.05
0x45169F23e2c916Cc7A9331303A361c9000A11510 0.04
0xe3932A7a3d55BA46a22CbB248453CD3DA8F4e275 0.04
0x50e23f1934445881bBebc699b7233dd6d10c2c2c 0.05
0x410Dd93C167A3Cd7548118F67126d7bBE4aE71Bf 0.08
0x8fa465F7Ae8765688f68A7c3C16b2AC03A86eA7F 0.08
0xF8e7011516F283e87d014ce859a8Ee2239c5C9ba 0.05
0xca541ba914c4321AdFF90462eD8144165b7f967C 0.02
0x417B2c82225E8b318B5B404EF090B399Ac82e460 0.08
0xad7EdD37e9F737eF4B4a7496E0218F9AE68A676b 0.01
0x665A94f9020f1Bda1982Ddf4b43752c79daa4cf0 0.01
0x19527a176a9634ef8b83e25bC0FDD90533E0A966 0.06
0x03a70670ae70771e0157FF08fB933B10DDe7b463 0.09
0x631f1e4a595eE02a8C0994F9F6c4E3425D2Bd10C 0.02
0xB9a74E0C18736dE32aFE818Ca0D6aAEF8Db7376E 0.05
0xFEE3b1932A947B02EDdB79Fe46Cb57A677096166 0.03
0xDC95477C6C975FBd7a3e64FA84aA248B326c6a07 0.06
0xEbD1bfb43d2E07fdB2825fD376B5AB4c83c996CA 0.01
0x71239a92d778f7e309B37187eE7973C567328130 0.02
0x29859C2f76EdBf9257B75fF6F469F666A2DE0251 0.06
0x71f8feE7Bfa0A0a021c68BEa4A9aB0Cdc6AE52c5 0.09
0x039aD918930448d470001fEA6Bba4793731fdF22 0.03
0xC1aB937f909087feAa2a2eefB8f22541cE0354cf 0.01
0xcA02afFE3Be7A0306Fe4edfb8155d5cf4ed015DA 0.02
0x489A2F14C92965c947020F081F5494A604073C30 0.01
0x391Eef696c7F29ce1ec21dDe9E838eE4E4AE9D01 0.02
0x56da153018ba01A2faC4e628505F3D55D02b9700 0.03
0xE10e84E79A73267cB558627a7D53dD426661eCeE 0.01
0x1B4119512a8671ca6AC457C8901E4420338F0EBe 0.03
0xbfa6317BC8103b069Fd643A5415C9FE358E3c6e5 0.02
0x660D6bbba51a60440ee5369ce65C53fD51bb5e93 0.09
0x3fb9D07aE5c8f1C13506AE483B7889364ec4F372 0.01
0xe50D40d00FfcA12a046ce6C648a600ab08f8b24c 0.09
0xCa4dC4CD2fCBF665Db1721a4C2961824858711ab 0.01
0x1D9AAfC19c6eBE500744240656ed4B86fb412354 0.08
0xD8619F229CdD978eF2Ca2822dC58F3D65Cd52CE4 0.07
0x6A14893B47c323805f0DB542e304b84A7337b9ea 0.04
0x119ED83A8086dfaacfF081a2344615F15A2A5780 0.04
0x8a30FcFD3685308D565a3B34DbdfE90FbBAbAB42 0.06
0x82910a06106402F7B403972473D78ff55D12510F 0.06
0x8Ade84D885b6b237a77596E30D3F44980c3c099b 0.05
0x311f18bA9D5A5c00C2FD0B5fD6cf9A6c3B3bd3EB 0.03
0x2f0B1C538156a24a856f859777E20225F7C70542 0.02
0x9704870F192aCfc6591D081456CEAD600dc7acA6 0.03
0x4d53C0B111CaB6a4eBB108DDB91C4122F82f0113 0.07
0xC1aaF26a1e5B7067f8489FA3861084B23bB4274d 0.07
0x850755A13eD1400A2F620D07239D9224620D3aE5 0.06
0xEc525810972d6fE3d76c8A20F0C4744014F1b9C3 0.08
0x0eF25f12570817e39D9262B9e145B75499dc8Cad 0.04
0x7375d5411823aa16c83FeddC512bF956a99846Ad 0.04
0x566639C3fa3f71eAD2b9C6C97552B5C0aD3337BE 0.05
0xBF246EB894fC2C7F9Eaae22D6940591a6D3376E9 0.09
0xd7eCa0E1486573a2E24a922d3e8D147EbFcBd23b 0.03
0xcC1bd3086e3750a7F5a80A41e5C48298Bcb64C5f 0.09
0x634EFD57983334c051beEc3b2776627d1B6ca3ff 0.04
0x63ab81e8a49186D63BCeB965815A31cd8c0228Fc 0.05
0x44940861e79fc18Bc4420FaDe448b3FAe466Eb0B 0.02
0xC83608fDf96c7Ee47EBc758e460F3420215E6F93 0.08
0xd9E71634E53c5859b4AB8E116fBfD5D3840dFe70 0.01
0x393032C811b9BF47b7B06F9Dbf449B951CCB763D 0.06
0x541FbB991E9776121119df49bB8708Ce62a6707E 0.07
0x79A84E67CFBF218Ef88D3CA1f8f765cbC0dfBC72 0.08
0x929643446B6757aFc32c45880d912E68F2c97039 0.02
0x749e560C55e61f448e6b25732683137f56984eBf 0.01
0x7dA84321c931BaD06Dc1c00C4c2a9BE71eCeDabF 0.06
0x529343e82f33ad9dc4684b64485ae388b009965c 0.03
0x9b52f66efbA72d408289460b6BAbd509B688df75 0.05
0x204a89d4C5Cb637a26a7cf81d63D7f18F3bDB27D 0.02
0x5532c4ff900ad5ccc1990802db194837e613d840 0.02
0xA90aABe864921c8c15EE6F00C06eaB8Bf13A43A6 0.08
0x154aB93AFb0d65F4318B4EC5c37cD9fB6cDD8fB8 0.04
0x99EF6958954422F74F6389bcdD85dB2151ef4bCC 0.06
0xfe43D99c4CBABE5f9D9cbeeFaF6e648953D21B4F 0.07
0x5c8Ec88b8F98015200f6b5F3DF751B0563e37b0E 0.03
0x9de64a92aA319cDbA2e8a84d387481d6990af393 0.06
0xDF7F81DC8ED7dd2F6116CAF1E000969030822dC9 0.07
0x48E70559065B82D8B001Eb4796f1CD2ad93CDa39 0.02
0xD08E262293C9Ef3E630ab5d1Fd62BBa3c66F54F7 0.07
0xe183013F51D2A4B280cc1ec595D153AAa781E45b 0.09
0xf640E81874E3e6b4AA3dE88097E8Dac80C18D6F4 0.02
0x59B1736281a042b5d7bD6de115A60489B8821a8D 0.05
0x819bB626D63fdB0EbBf053738C761f422050842D 0.01
0x0EC03241256e134F65AEb2e519006CAEAE2fddE3 0.06
0xFC17e02d275Ba1ACF22f7148c18c0031dAe656Cd 0.02
0xaA6085B8dde3acA93e55586afe6A1cD0767e913B 0.07
0xc7CedBBB2323398aF6f4Ac3f06EA614cA4cc5ce5 0.02
0xe6931CE5b1d0d84Ac8898Bb6d7e65c2CD5c76B24 0.08
0x3afeEAf893853c2Dc9Df9edC1879eb1CCf277831 0.04
0x0eBdAC160966dD487C984c1fD31890E94b3898d8 0.08
0xcf7a3580AD82234DEFE6182Ac86cF62B0C3954fA 0.02
0xEBef9A715f86efFF3500855EC809db3311254559 0.01
0xE8B509330cAFf1C8A61B55662F871e8C1e65d7f3 0.03
0x805F663d8d9e83293F2D4918115Fa5260e80f45a 0.01
0x0fe96F52fb61a48de2Fa39E08b231C358D139Dce 0.07
0xE19F2f2DBBd5967294e85c9cCB6E9f88536f5797 0.05
0x3CECE78Eb4c1C2230129ab9ae079bFD60F27f619 0.04
0x0972760092dc6B5e53E8f58D6528622F940B072D 0.04
0xa4e270309Eceb7E962C1F6a6473FD5b70af59F18 0.05
0xF069bbd2d1F7e9B3e7E1Ee5b166b1B81B0705DCB 0.08
0x9820AA4bF44BEA1A0b2cbdf4Bfe4cE8Dcc8DBb10 0.02
0xA25d200f61bFEB037b3D9301f29C880B9A7ac468 0.05
0x80Af5E245b638d1036802C14a4a2B801b6785Bf7 0.01
0xf1c160156Cac991e8E833334032311000af8b233 0.05
0xAA20e3d669847b46a2CA713d2e67bE49E7914f06 0.04
0x31bdB29ea64f8939Cb0C2007ba4bE466285c8fc9 0.01
0xc0994e1927407A2BFA542De779136A2eBDA3DE4C 0.01
0xbE7C63695ac1a74fb319B5E677deD25b66fA907a 0.08
0x84a0dF9c88A467cf3E9Dc9325545e3875555A674 0.08
0xB4D169dE223EFa76A945D05551CD1e080cb22568 0.02
0x102427F8F73020E5A766687D4c09ada14fa508c0 0.09
0xbEcBA38AD08cE3e9096CEc0f329d9Bfc8DBc9B2D 0.04
0xa8121A523A6D51fE3716A6fFc05C25A29C9C6Cb2 0.01
0x19F3b931567bE36a6DfA37D48d52E52F2C01eC6C 0.08
0x0891809A82cf74429702E523160013B3785672d2 0.08
0xa53Fc1bfD4A40d6E5DAAEC11E5FD6896fd37962f 0.05
0x571BeE02d9249a1E9159e3e3385C61BAc1417613 0.03
0x69f4Dd85695BB21AeA98e261da55e44B3607c8A3 0.06
0x27d57Ae01085ce5a4e7E6123C679Bf67D2D8cB49 0.04
0x27fcbfBAE3c57db7C834e3FF4FBf7Ca1903FBb84 0.08
0xcc4d7f36037750260E4bf8943E30336b3c5e0feD 0.02
0xDf9423ACA0CF749f03BC57D4Cd1caC69E3423961 0.05
0xDb8Eb119800a162017E669Ccc5910cd65d6Ff96A 0.04
0x9d29686c3Cae9c42d33Ce8d2e30631F2eEB215Fa 0.02
0x4bf1b4c63aAC45Ee1f4E2e5692f8Ed98f4cc6C9f 0.05
0x231D05d6090d25b3636474f4987DB2A37a8e0066 0.03
0xc26b549eADcA396A7f4cfd96a9822b55D4707D26 0.09
0x165e0C8d21b2967ec929ED07d124720603874027 0.03
0xe7B9E3B3fd5ff13684A523003357196865583707 0.04
0x439dAd16e6632B041BF3F12fA000918bF0743cb0 0.06
0x51aD5F7201ea193Da8a2a02402ceCc7966B94C36 0.03
0xF4DafF7865E685966E162689aC6580f98f39D502 0.09
0xBE49BD00bB333A228E5C6E4E51a344cFd7A8D315 0.08
0xD6301822e02b4f17c0494E72E7e2980a4f56756A 0.03
0x4516D7d7e8Bc0edF98EB7F58e41cc68bB0fCCeDe 0.09
0x8913B45C16E0780F7dc3979c74a175FD27baE745 0.08
0x307Ced2d409A07C93f7073d408DB9590bd54ad83 0.03
0x435ab43eA41BFa9F3009886eF5045C07eE523C6D 0.04
0x6a1E0CcEd6f6CBCfA48108Bf391b34D5e0381710 0.01
0xe68cEA179E841E0010316C28cFb07c65C7C3d03b 0.09
0x1f83c8F64Cd64a25Ac196718E341ACeF36586721 0.08
0xe3D5F13F65E673485ABA3233B65d0dab63D09fa0 0.02
0xd702cd6c958990B7d22BD51658Ced1d7aE89905d 0.04
0xE1393ed211c17320393CE19375FcA15473201744 0.01
0x2c67b21b56b4135A2f35FbA06f30Ec1DF93f5841 0.06
0xaa5E25ecdab4d4fe6eB938eeD766BC4C89bB1c91 0.08
0xbEF23709686D706B0a330E8028D509F22DE978F8 0.06
0xB623c6f9A7933e5ac438875363AE33e351ce331B 0.05
0xa9ed2ad07A5F6c9d47F0F84A387DDE3CDa28b241 0.03
0xCC8d1Ba67e3458b7852A24C907Df9df539A89d5B 0.03
0x4c5a0Cf8880E8C8F0A4b0C3D0ac97425Ee4843d7 0.09
0x6D4a57c8526Ee04a7D499A21392F25d09152e198 0.08
0x3Cf2F961dd7Aff898c44A801F0C93f877d6b9614 0.09
0x7a82F54454C933eD8d9262AC40C50e2F0e6469dc 0.08
0xDBCe5D78932e1E29C562a438B25e51c3918E1172 0.01
0x0425Fc989C81E2786E433132ae1ca69b4d76F49C 0.02
0xa4e56BA617EF8e3AB9c6D49D9239184231b7C149 0.03
0x957A39E41aF7CbEC104fd78A5a16adeBF5e9f06f 0.03
0x14BC3bf20cA21eb914d651E784eFaa09B17C2c92 0.04
0xa8a95Eb64a284E9285d478aa4FB30B68957d35f2 0.07
0x8Abf9331F7084c6B925e4b839bCFD91c5fA3704d 0.07
0xBD978ce0611D213A671D0a1b19292F73C90e3955 0.08
0x525FD63F78f3cC3b905710DcD285A78D8e724d74 0.04
0x79609542BFaFDcD37869A94F28237Ca94266079E 0.08
0xF7321240C17A0ba666a345c54F4831B683A5e9f0 0.08
0x8559F88909dE68573bD69B5085D68aD1Bde03772 0.07
0x2afdc49363D35b0470FE36E1d97Ea41C1711aAce 0.02
0x611994fEF144AAE8191727ecDeEA3AD616848264 0.04
0xeAC96638E985248F2fad3685D94816732D62854E 0.08
0xDFA8D4e40d4A509AbDB89ac598CBb406E859c59a 0.04
0x2d023742C65Cf1776Bd565eB18d444bB0dfA5F70 0.05
0xAC2915004C359F9f9959CD3ac145a73fC6d08234 0.05
0xB0a8b82460af3fa48c9259d426D2E66b3Fe8F047 0.03
0x522f8Bf8F931ed39634f3B58612C08D6948ad628 0.09
0x0Ced8AddD732FB8bdee2F7A65eC37F190FA5d75e 0.07
0x4dAf1812172F6da31197caE24c9a5572a88C49CD 0.04
0x7625dc2b80e161a40648cc8b71c8614Dad4C4373 0.06
0x72861391468F1E0bdB80c200fF7dbe74808d6CdC 0.04
0x2d49A30f2949Cf567F9e0a49D1d9B36d84C956ab 0.08
0xd97EBb527C535b44AF180c292bdB7e307DF7e97B 0.04
0x40f304f8306c0ECce818e1D50da2D8526958cd8d 0.02
0xa8aD6e77E3Da419f4db840b6DE40965c3EbF7460 0.06
0x3fA8FDfBe17e02A4A8E5E7488171A915ef10Aa0B 0.09
0x971F9eE90F0518ac04B0880f99ea8e83D5467Cf0 0.08
0x29d6Cc845072111Ef2f4B5B6786517846eC41c95 0.09
0xCDBd4BFF16Ac4Ef37B35Ca002Fd65eAE5c97c844 0.04
0xD536fBc86558370be3178c95C84dE41de2dD2C8D 0.06
0xC39dDD9824201c17b813CFCce901ef236d1628fe 0.09
0x0524dD0D40447E19fA9c0Bf040435a7Cc166583D 0.04
0x205CE1E8F722B8024a39D2438C971bE977039E9F 0.08
0x625371ed89266f1733adf41b8c46a937e383b9ce 0.09
0x69bdEE4690283Fa395d2Bdb536c7BbBB9c2fc3c8 0.04
0x2D7057B63D1aE3D732568fdAB6DA536B98fC6c6d 0.06
0xA88AC5A57a75BB9b7c03C80e0d7D2Cd9136eBd1A 0.04
0x345d97a6a08EA9C97329496fa9Bfb72A2a5E914C 0.04
0xb11ddab92DbA62D4B4E9b804a21352171d63A91a 0.01
0x1b82A2a9979Bc6D07dD279072Eb40fD991d7add5 0.03
0x2C499667701C4f77337C5Fc0a235685682FEfAf3 0.03
0xB775885d56b7018D4cDa9f09038350D41C4fBB24 0.04
0x8Cc3f68D968f33e646944EF5AD46aA6c6693BBF6 0.03
0x02E87d9f40C72d26E993539a82d7c1D7144e37b8 0.04
0x42c80142d5Fd315DC6A8966cEC7F35ebE906A179 0.01
0x5891B1Ef83cd4D51f90E29f05219BBd750E94BeB 0.02
0x968F6Ffca28FB10C4556EF6e8450c54F2f922Bb1 0.01
0xe11Ac167A2bca99d8aCE58a10D78750929D6a2e6 0.08
0x1407762f076c81Bcd0dE05e179F5eECCfC56A0a2 0.01
0x29271bbf049c7A3861CB67487d42227BE918A7AB 0.09
0x6757299CcAE4fe84497A53d521496cd381F0BC7b 0.05
0xb0C8451aA295358569802F73A6e6Ae7105c0d0FC 0.03
0x16e9cE5a1dB57b7f85991072d8a7b8f1FA375C81 0.05
0x51f1c05241e27FDb086a800d9B4790D273A7a5e8 0.07
0x018b47a5F3E45Ef4783Fa8f86d3AC9653Ea4fD8c 0.07
0xcdDdCF576e2018eA8d22461137a8F1bf9AB4f8C1 0.01
0x5eD3477885a862D9B949D43507d7802EAf3fA6Bb 0.05
0xC47832371b6a10290F9d47f2B5F3BC9668BE561b 0.01
0x83e06DEA72B9649bbc8bEAb1C5892a837636356E 0.01
0x76967322893Cef3E8efa713dAf1Dc8347e081083 0.07
0xd36227D854A8D939CA265a1C28a874EB9bFB4fbd 0.03
0x9040A95c0BE3CD9d5d8b255f0f4f77a7f72D4b5C 0.01
0x1C0CB22d3c6c5F464Dda4ac0c27C4592Abda6d6F 0.01
0x52bc4B0914A64e61036c455626F788050c784728 0.04
0xF1f7826529586DE0D41432498Dcf5873b41795D7 0.03
0x60cdd542e08E857c364C39d67217309f126343EE 0.06
0x9B6f4E978bf05754aF257C285Fa9EEE8A10F8C16 0.01
0x9f3fE43a02977914B47cD352579528Cdd66006c1 0.01
0xf10DDa989AAbf1A4946eBE3d1dcdC8f20E753475 0.09
0x3BbB25DD11486011A01faFdeD4ce22fb4DFcd856 0.04
0x18DBaF4C5337105AA8f7191e69666Ca4e616ff70 0.04
0xba171ED2C99fe3e9728daf45eF130435Ed9e5a69 0.01
0x448CE6E0e320f1238828f4Aaaf9B970107B6e130 0.02
0x2C1F7a0E390F2D2520AB3790006176Bc08236293 0.04
0x7A4c27832DA08717975a179E4ABdbF1659DcdA9F 0.01
0x49be5b5165aa2D0feAee55084974c74d58af1043 0.05
0x95a622D2A2E927740898a12C872AE000AAdb8519 0.04
0xBA5408e5882f7dC7f4A7E748FEE2b71cA8be61E8 0.05
0x785f7dbF3598E08A270325c35641e01f2A6b4d61 0.08
0x31C51E3dBE0A99Ed21af8A4F1932e42Ad84e4Cc4 0.07
0x4d46db10664631BF311a61D02A2A283a3b7153Ff 0.05
0xE4f99211D3b39CaBA48Cd02935b4c38829c6cFA6 0.03
0xfE69C3Da1b1e0592B041Edd6D137D81C7fe390c7 0.01
0x0168A91D108E280a89AE38284c4aB664843094f2 0.01
0x1f577c8dE8F23150a7B6B1c82F1019F0D8b59D37 0.06
0x3A439174fc6E3f9Cb91503BAbD200E231ce54098 0.02
0x73f93df16ef92386a5d13ec364ef01c94ed8738a 0.01
0xe4f423ee5fD4C8012D8309501258E7791cD1bE05 0.04
0x288C47E358957828ffcc3a050A09EEE8a058F999 0.06
0x772bC63435dc90417C3DA12ac1B30E7d8A22CB61 0.06
0x9Bd5d84d41cB1D95CC2213F4cB2BDB3764d8bf92 0.04
0x0bdc3F2683dC56a7cb2a49bBf26AB4c3fe2dd7Ec 0.08
0xc463e6845cCad0a9C9e3560E869975F6A90B9aA6 0.02
0xcbae8e05771F87b5460f6464a297D99115EcebcB 0.08
0x971440536FB9176BB46958E7FCa1dF153d91BB84 0.05
0x79Eb0F9bE1FbD779847f5DCF943440eB40a06777 0.04
0xf889dd646542Ed810FcB5BD4d74c5ae3297d629A 0.04
0x8ab744FFe6933139B5A6802035f130a9EA28e345 0.01
0x347072Fcd71A9e251d18a292d9bbc8bC3149cD8A 0.03
0x17e071770bF16D40b3D065ea97d665807c376165 0.09
0x39d8b56D0f9b1B5b34C21a5b8A2344bB3AcEEF45 0.05
0x6d615d7f947FF4E66eacE7ff8cb069470BD08D36 0.09
0xB66c68B8945812E6ff3Cd3495d349ef41310223f 0.08
0xe2a1b19fFe04E156dc027821021D72A685A13a8F 0.03
0x621512B25A9089b2C5993b85a8ae0bdF386C23db 0.07
0x700fD3A779fc8552DDBc60742b2455EAacB7ea7B 0.07
0x30f3951EE92d084D0373c060CE82dD13B58A5D73 0.09
0x61Abd70249ab1626C4500B4CD2156D1f1A0406fA 0.05
0xDf6E3F2ac2e37794e7B60e7d81F9Bc3564fCCD14 0.09
0xCB13fC0Cd3557094397EA41C5e481eb0C1C0d14b 0.05
0x390Bfe0D4ca2e1Ca81D793A5991fff277Fb1a414 0.06
0xC3F05784BCA2c5154c34df4154A4fEbE52Fd116a 0.08
0x986926E68c8FB85857624C7aa4DB306e39D306E9 0.06
0x90FF0C7B00212e75D3bA123B84e99D92715ce69b 0.07
0x41F4b5dB5f389Ab13F51ff8a36Cb8c8c3Af9bD81 0.07
0xA1039209780060D2871d7F36Da279C79581DE287 0.07
0x07D558A361be8d54b9Fea475907Ae53C14b99D83 0.02
0x0C8cd487827b52f65C4E71cAcB727C6B4f05295b 0.05
0xA31deb56b9d1AA240486E5EC5A0d8F1C6DF5e70d 0.02
0x36A4b808F97204Dd4BFE154A48d054823a449946 0.07
0xDfAE8B940186f12BE4F19a0Cc75bcf666A4238AA 0.05
0x63b9FFB7eCc5eEdD0649006D09e62e4c83cE8D90 0.03
0xc49Db13EA0843d68e5fb10Dec983255A20E8d451 0.03
0xF523119cdA01d2A5561C689968EC5A219096158a 0.06
0x80ca10f1Bb49cABd35AA82C609d2E6f292917a86 0.07
0x5b2c819DA697dbAF304B133304F1995f50f701C8 0.05
0x2161be0d146F1006fE753Da2Bd41cd51F9aF3eF5 0.09
0x0Bb678dC969D5478ba6E7C2524D6431474434229 0.05
0x42d5344E52C60E0E4CC69D88F0574e9668D7C4BD 0.09
0x39F726F4faF76750FE1cB6CfE032975C241c06Cf 0.01
0x996fe81BD556435B8763470f96b6de4b212F078B 0.05
0x2E57F0440926d33DD6982D6956fe573e229FaEaA 0.03
0xDCc1F984c6aA99608103b6cf54ee5615849Fb383 0.06
0xFc1D4Ea447e99992BE6cD28885ebC70Bec3465A8 0.01
0xF0560779260eCC2641850008b4444A3d8A02183C 0.06
0xB58dcE8E58B4Fec0F9E39d8141Caf1e6AE36B43E 0.08
0xaF07FdB299711Fe7E77c55c810012c5517157215 0.07
0x32a9df105776034cc26a4c2abb09c407200c8eb2 0.07
0x24c8E7F3b14E6D20E2D35AdC3804521ADB6604E4 0.07
0x7b4bB75B2F8d058a6A2456341ebeAa29c9B4f9d7 0.04
0x343b951052B92a175b8DDCD4Cf37E67782708d4a 0.09
0x5b3a13ca058bB859ee17904FF01f649BC64C574d 0.07
0x5674CBd0442ADC0C8ACF9672682D0553FD42402e 0.01
0x05f9C9Eb1Ca973E67c2367c279E7d624692fe805 0.01
0x4731116E60b24cA5D2748c78674A35634Cb5D4d1 0.09
0x514aF4cab7CB26FfbfB059467e1BAE0a79CB4967 0.05
0x34D7D73a6e34eF51c7dFc62F42b8A3aC70cC851C 0.09
0xd41fB4c98c8ABb2B3d9aE2FfB2A1354b1594EB8C 0.08
0x283A58aDe061aB8B949283c07C49fcC96593c227 0.09
0x1BbbBff2919FBa4BD5E3b9DE7ce0474c898F66d2 0.03
0xCF626737d3Ca9344F1232D13892f1d89F44aE2b0 0.03
0x70AcB1BC926487350d434Ce232D7A7417510D959 0.04
0x402710770885913D2C6f3d10A9961713cF5aa07E 0.08
0xc9f09852Dd93FF4F9F2eEfF84ac453A43AD45962 0.09
0x4F67804B5e1d074F308602ae57e2d915DaC4cb9A 0.02
0xe56b8a1233F864F08da063BE1FB79155A0D54f92 0.04
0xA5cfB23314bB2FbC2EC6f3a42333775946A299a8 0.02
0xc75cA2327bB99DfBa4055d1B3ee46eCc47EDE4b9 0.03
0x9F9dB391884c6C2392c5C3ABF0A7F6A7aeE5E033 0.03
0x53BCC0B3E49b0Ea4ab92fac0f8aBe8C1E6967D94 0.01
0x94047FF104daB7138D1d4D8ED398f8428c2a5c56 0.04
0xBfdbE8dEd0810A658d95d162778DcAdca8B462Af 0.06
0x7493Ee00c15F50E4d5945B25d0B385B828878571 0.04
0x70bd3cd84f5F129F0f8857d2DbC37834BD15D549 0.05
0xF35821F0C0da9b4728884435f7595513EDacE96a 0.02
0xfAA5b28591A5D0d4165a4358AFc582dd64DF27f2 0.05
0x03CAAA37f58CE437cB2a0eB7092Fc486E00fba80 0.02
0xC5d4E17242e635076b50DfdD450BBd1dAB1b29da 0.07
0x9eb4Fef086F7348E761b43526F906d9509E54111 0.05
0x99425B0413f3704B8b4E97B9c197a29d9290DBe2 0.04
0x1Ca3E7aC4DE241397B9bfD9586E3B82A00A12B0a 0.04
0x735DDBDaFF8f6FaFbE20F03784044C1c294fb677 0.02
0x78dEC997259FF4f59ee7dc53759670495C36DD95 0.04
0x6A2ceE97B7D8aE81602be737bF6AFcf7296d44e9 0.09
0x452170B8118E5FC337017802Fe86E2b431A2a9F4 0.07
0xe0C50129a948Dbb2d8ed2Ca9eB84FCB0Ff39F4cC 0.09
0x1Dd5f821EAbE4F96DBBd24455aA180fD2A0331a7 0.03
0x445a97e08aa22C23241033cd1B9cD8538AC64CF4 0.02
0x7D41abfD292a51b5aD1D346B592128f94d17fCBC 0.02
0x7E933F0d054E0600488D67D3F47E1F3a5bcd0e51 0.08
0x1F27a363b770936d97B40E78d9AC504d072BC3d1 0.08
0x07780D567A715310a70d9E707EAf526De6F31dFA 0.03
0x6394554dB8c5c1e7F01fCF3989d0Ae4bE18ed34D 0.09
0x2A49055D6ca2Ac31b6F825088262EdF7D89Fbc67 0.05
0x1DeBf708bFA943D0f37433D1173414B7979170D4 0.03
0x87Bc60149427622646D59524985287598379ef06 0.08
0xF694ffA78947d399eedF26855B8D2463ce8F8C81 0.09
0x5a707A440E0a34F11c3C259A20622440Cbed1970 0.02
0x0E34C7532Be7F6cE83375cDc8AbAF6a3c063D710 0.04
0x9F228594BD4225fA12C9ECD97c1CDC0518517425 0.01
0x50F2b7E1f26CBd10104171029da66E9FD3af266b 0.06
0x72B1ca76961c261B62d65B6684Edc7b2ffcF8810 0.04
0xC3429D546743fD8088862ce9afDa5Bcf3745694f 0.02
0x9565B9ADf3D7219f2B56dBF69D2Ad0C2a6AAE590 0.03
0x4BD57642cfA87B46493f080df7b834aB2bE7159E 0.02
0xE41FF6374b87524Ae6637da0C3218565dEbd9f77 0.03
0x4683eeDB148e7e3B9788dd6CB9Acd75b0733312a 0.07
0xA12e6070076c386A4CC8Ee6127889cA7053436fC 0.03
0x3dE09aDD94aF079712E6dd4D5d5fb11B99C613ba 0.06
0x25e3919C011cC163CEaC305E0045A7690d2371B6 0.06
0x1001cc93F68B735EeF604603a07b0871Fc5ceecb 0.06
0x19A916c14dFaaf1114f60aE7868Ba83B089dDEa7 0.04
0x4B00f6886FFcb899Cb08E6fBcCcEC75E849d731D 0.04
0xB5ad8e71C1E0EBbd209A417380109B0e31f39F37 0.07
0x49c21FDEd5458FEFd2052187f9331d2754a0d8b7 0.01
0x1a56406e000567BfEbcd0cef130B85DfB6964FC2 0.06
0x2E8917705EFd8200c2Bb43A5c6024065030E5792 0.04
0x74eB092569643B9335b017da3102Da0e590C6002 0.02
0x046778F18d429B644f2b5a7739902D919B4978cE 0.03
0xF686a3312198E06aAcaad8328aAa90e38679D9f0 0.02
0x6EB5324a229D7766A41A8dcD115A16c742aF7b75 0.05
0x5Ee895f5bE723CdEB91d90b05FB10225EE389bE4 0.07
0x411647A7Ad38850BF26D06fC64201026AE4Ef380 0.08
0x023111A8bE14EEf251311a3D17b312C1CCC66cC0 0.02
0xF81Ba123F5eeaA5c76dd6c3E846D45D00e392c49 0.06
0xCBa50d87C8DB23184399de57ccAf61769EDd9DD2 0.09
0xB08F7Ef3Ac88Fe4322B708b0E73c6D25F9e03Ad1 0.04
0x6Ed14d1B41f38FD139974E03736365Eae01e8486 0.03
0x40C06f33eCA29953E5D8C6Ed3F2EBea87e959359 0.06
0x0B6CA17de49f71894898128Da001Be49C7bAb5Bc 0.03
0x6cDF58a55fBD87E363Cfe2511a180709c70dBE0e 0.02
0x3101D8DD4F0fF48156477f470Cf722b3dad0Df31 0.03
0xcB6f4244E628497422a4b039a5D444e134bfF451 0.01
0xA647048851a8e20F1421c30A70776288904e9078 0.07
0x0CA842e2A536bEF921f51464301129745fce27f8 0.05
0x9bDD6726078c85b5f939AF1c60E8b6C4F5D87F9A 0.01
0x04DDA39c62312aE8b23bB4C36a703576C009327B 0.01
0x03A7167b07A3c4434f873e34b57BCB44D3312F25 0.08
0x1359A3Ec81FD3B53c1c6D5d2Ab0B02b6976360a6 0.06
0x076C70a50EEC38a1624d0D88d7e17A4508f859D2 0.02
0xff41F187213Dcb08a3Ec55d00e937911B80f77f7 0.06
0xb7922129E872989D582F5e3F1C0290E7674553C2 0.08
0x70214a89a497a5373986973Ec7947032Fe82144E 0.01
0x30Ec675f8c1844FFe179be382ce6dd9c70487037 0.01
0x0B6ca2B11eE500889f5c24cDB5A229Cda885FFd0 0.01
0x34a382780DE9474ae397bFf9b13C15E02D5BB4CD 0.04
0xb03269c84faDC37Ede700683232EbED9036a89c3 0.02
0x53EC197c2788944D7A586ce270A48cC5BB00b4Ff 0.07
0x7e400D3DB1e635AAf131f4cb67980a5F7Df64fDd 0.07
0x55Ea1a44d4f1acD8C91F81Eb7Ba36095fcc05870 0.08
0x7Ab941884096430d07E8A3A92f0971a776Bc8b3D 0.01
0xdaaB446b12096DC7aBbFd5F3B439D3dd7BBda3eF 0.06
0x249195336226Ba82f0432554c5BBF79dD2257D7b 0.06
0xf042F9A279bA48F74AA9dC8BBa687A625c94e342 0.09
0xDeE33A9493d6AFeD680EE8bFc5102EDb877039d7 0.05
0x8d1146019258FCBB4EaE20A1Cc7575FC113a05a3 0.06
0xd7ee2C6051bD0D7f8f060af74073CFf19BbdB47a 0.04
0x555B74a7E0FB22ab291A5c12B77E4384eECC1A99 0.06
0xe11AA800cbb7106E49f8f82e194B07a157B469F8 0.09
0xAFd4D2D92A53CD312df6856EA9FaF6b8d9F8c3C5 0.07
0xDC371bBd41214fEc8F2fa6dDF11EB20EB42f3F7c 0.05
0x1D50825f83165d3465b4a1Fb79e8D9Cf4630Cee0 0.07
0x2E3162878E567860ADc14a92e468262196f0a00F 0.06
0xD123E34a624B31C27C74b3cFb5294FA9587108cB 0.08
0x174B3f2a913615E73FA58Fb9f32e752fEB973E49 0.01
0xf897a81A6AB5aA5Cc24e18C9976b3882cD0F4cCF 0.04
0xB87B428f8cC570173187353c2807Bb03E5Fd3A80 0.03
0x5612926f1Bcc8CD04d3d9a7Da6367D90c5D76628 0.05
0x76fd982aECb69F9Fe54CA6e1543944D000b59667 0.03
0xF59e4fA64312B1C1c53f77e2AB06945a43f57E6f 0.04
0x70a6Ebcf45f0b00605aD4e46D7F98a68eEaA6835 0.01
0x9b0aE4d0be6694662C91305B6c362A87eddF8b38 0.05
0x740C3E4039cc43200Dfa7a51F2dDD85716193863 0.08
0x2731D150AA43502cf0173A0D8e347AD4665E28E8 0.03
0x71cD9132E4FA05A94d3e778d4Ca91417DFae1ac5 0.09
0x1538ac3749b3c0547c9b6a77ccaF594535271A3c 0.08
0xa1361f1EEA2a4209259a2C069134493CBd9Ed176 0.06
0x2730aFFe228a098A8FC9203aA7B3B19E9719b7F3 0.03
0x36994025BC74dBCd554124651daEC3393F072049 0.09
0xc8eB602312d163a3417D4b8Ac6ab87046D5E8Fe9 0.03
0x2be2dfcea96E818E4944eD5EFfe374BEBfd7c9DB 0.04
0xbF86C576b83883166DA8d5bB897e3FD5A9c61256 0.03
0x2144A744A11E80f7841cDA56F0b63052Fa5bB906 0.06
0xc64f3C80e011a802DfC05EC3b9543A7fa905948c 0.08
0x9ef8A070Ad92355B32957bcDe9425f429180ca29 0.07
0x4648Bc781c0dDf4837bd325c3369EB430705d0F6 0.09
0x834B085091B8E1d94FaD68b77560581b83E41289 0.07
0xD2d732BFC17Ba9063751a9582fc63dc9139B1CA9 0.08
0xea83bE6Bcd6b15B6783a3765928632C2C84256ac 0.09
0x5d4728d2384BE6C2E35c9650Ffe6B8146EB00A90 0.01
0xb710e67D726aF199E2aAd16F8D18FA55A78B5Ead 0.09
0x46560E7EF96d8cAF8C155044ffFB5785296D87Fe 0.06
0xeF1E5f406b7fFDdC247dbc863E2FEbb83E73F173 0.02
0x2d65eB09AF206f3c571000EB0ffA605Eecc959EB 0.01
0xC4eD851C536A2F5FB95e2992788F195D17a36a93 0.07
0x97CFFE373A69CA05316C50269ca1c98Ad5058B7c 0.04
0x8ed63e1B06BBE1DDdAbf45336A068A10E60F53b4 0.02
0x99603b47c99Dcd2a426931fCac67D08DB932f66a 0.09
0xa7d9342cE30E3d1975d2E37B8a5c3dbe5cB749C6 0.01
0x03fd64Ca93A28C666563DAB7A081372dAAba6C02 0.03
0x7b86bdb285dc84b3892499077e4dbe04e6bb72f1 0.04
0xC6d0C79C27Eb77d49A64a4110E50EE524e0094e7 0.09
0xc0E864e65A7C8AbD8aCd9c3D61704FF1AFfede9a 0.07
0x691e300CD34988f3F3696410C29aC785d7E2E1c1 0.06
0xE037579eC7b621436c36590b1fa787d1D6E00782 0.04
0xF8957F2d3Cd8250cEe4Ef18BeC8F7faC1ae5d1d3 0.08
0x4465A53BeC74E54e02d1BaE3896dEF6862f32651 0.04
0xd25a0657E984319cA9FBBf17CDbC0dc62E561De5 0.01
0xbcE77A86A8a5761Ce0a286b006Aa334F5C173712 0.03
0xFA4FE4e4c0fED9F85C7B89cFc2699AEEE6577044 0.08
0xB77B8503BBF7EB72e8bBEDBD16cc85DB93eba770 0.04
0x18EE5f41FF432eCB84ed0Eb210f95906A32b3D42 0.08
0x485492BaB771881B465209090071709b722c0Ec5 0.06
0xD51573A36a3c63FA13A979CC059f35A22b9b650e 0.08
0xdd162176796bdbbac894d7a7257bab80f96615bb 0.09
0x83b6b9c374285cd78cE7834d4635a699F525881a 0.03
0x688D4628DCB163Ac66A803F5Edc481C4C584d589 0.06
0x715bFD30390792e0aa53E6710A7D2609F4fe3E97 0.08
0x8bD1c9BF06212741a76b4c8Ec66889Bb93060866 0.03
0xC42fbBbB7F4B0CeB3fe8a7312993085Be906faa4 0.02
0xA493b0d25804aB3D358AA7eC7e5F5F16846Bb275 0.01
0xab30b888152AAb0f0969e72B6A300705f6fF60FA 0.02
0x124e725659EAD5b350D71FB4b12E14fcA0cA765F 0.03
0x648d1CF8cb8bdFf71b024A35f6545c6382CeFef2 0.06
0x1A2125685B52Cb77E6a00a221325e381689f3d54 0.05
0xB3f17561af1Bc3713cF11E6fA754927141fFfa34 0.05
0x2A19481c1244f4dc5678d4fA72c53ab6414f8691 0.08
0x2a50288b17346dC10076DB8d7355ff4664DE34AD 0.04
0xC32eAc5075F6B03ab6c93e46678C002bCee4B8e7 0.02
0x32c4a5575b918078c633fae48df32607eb1923bb 0.07
0x811d8673ceED9722B006eDaed94d5FC4b29ef6E5 0.01
0xC5ad092ba2F02FB23D992a24C31A706913049fCD 0.03
0x2418389635153cB884C1F93ea445827E06730e10 0.08
0x1Acb2E90A6cC932DFD76d542bBC8511DFF96CB7A 0.09
0x5cB92818f4BEf9e55fA7b3d2B6DD1294722D46A4 0.01
0x1ec0b7660D354CE9141D1E11FcCA8Be05eC15CF8 0.09
0xEB005F4A1069723Ec5500c4167BEFd9bf504222c 0.05
0xED06C8ADB99c091fd2EBAF433eCb7b9281493303 0.07
0x70FB56Be567C9585034D291493249F824808bC7B 0.03
0x8ea743012caa8e89d910db12cd1cf76b9288e4c8 0.05
0xE609dD5ada5b20E9AF588D7871066B9B5967C920 0.02
0xd81A36BeC48dbF3C3B1b02a9673b3E5a037524A9 0.09
0x017a04631caF0Bacec325f68caAd2838a80Dd91D 0.01
0xC836EF3C6a8e023dCa6f6C969c7E96615243C1Ad 0.03
0xA8924C7b6028072621bA30A180fB739D555e02b5 0.09
0x3135CFEDCB6746A90C139843e9Ab1769d9667e19 0.07
0xF6AA622068074C7F32a341D721b8fC625a6aC84b 0.03
0xC96c985E7a0b1403cBcB79Ff4267eF1c3342b834 0.08
0xbb0E61b241087F9353c4e5a09fb7b6b031bF95fa 0.09
0x0b351f8f2a6A5378ac99ff7B7B897233FE110DAE 0.07
0x759984a3917900D18ec39045ab885921cf3C8996 0.02
0x7101A39C053954e3E7fD010fDF3F6Ef6bDBCBde0 0.05
0xf19a9AA9C9D640728370E03FAF80e972E10d2451 0.03
0xf9c922E8C552E8a54746FA659CFC72b5Bad352E2 0.04
0xdC82d9EC3b521BED475F3d588d992ccE1D254C3b 0.07
0x2F3C77AAd66dD94931FC0325c1866114818bd2a3 0.07
0xD046e734024ef5626926315665d44dadAc06d049 0.06
0x1dC5A8bA69BE48f80fd19f2E855B9C1C72358b7A 0.07
0x240E95EAaF8073bfC10666590D5975906d3294C6 0.02
0x9E8ba93336ba2c14B1a8d098BA47DBaf855c27cE 0.03
0x61a9747733c754f7640e3C864107c3d472e094A0 0.02
0x2D1eFFc54aBfAdeDc2D42fF91fE3A42d54e1ce6D 0.04
0xEFdf8b468CD5CEb33d2B082eC1f6b6f058Ad89B0 0.04
0xad8D547bbA3d6E3e512f38dB4334C52A7813eAd3 0.07
0x6276F70Af320EeC232E22b07C0a259feE6464340 0.04
0x0d2179f301D48756d03d091c85537B90fB4BA15B 0.03
0x8E9D2FDDa22EaDbBA7E1e243385f4cFE4Db9c0b7 0.02
0x4b2677c94520b6b2b4D55d9f520E789AeDe056B9 0.04
0x3fDB06285373286Da3A8dd00fcAb7e4bEB9A52b8 0.09
0xd4CDA772F7cD657bfa9574BE5777Ff29a0FD9C1F 0.04
0x452a140b4CB5207a2a25Cf9407d791C4922835E9 0.01
0xAD491D1b22DeEe20276d5756d3b65f42EEBFd9Bc 0.09
0x7DE40a5dbd7640C68D884B2F06C59f14fC1A01bb 0.09
0x0f3c0c4d0e61A21B54fcEA9f4Fa94672ab3aEE06 0.02
0x8F2C22d364253e8F6c7835c1E2711FEb9AD58d5B 0.09
0x8BDD4eDD08641be960cB2dC333104c25F59862DB 0.01
0xa624298B0eA35b64589F527d32F9C9520DCb4CBf 0.05
0x8bd831b4A3986d2B48C3c7F6e784cf174E878a14 0.02
0x8F6d84Dc63d5Fb1E0dE6a7970c68070C0502ba93 0.04
0x953712F3A89f9d051328A06E6333ec1209435830 0.09
0x95b650b2d4b6c48c351344194b2949da0ad3883c 0.06
0xa0f9d716775c6dc01799de52bbe199a22fd2504e 0.08
0xd7c4378bfafc24ed8f217b16780b57bb33aab101 0.02
0xfD6D5AC1521F3b6eE0f1f40287075117f4b54C72 0.03
0x32EC795065b7b6a60D52A277f6c8F298557aD6c4 0.05
0xCbf3113D51FC246dC97ca624Eb7F48e252c3D05c 0.02
0x1797c817Bb302e95425116e99d30ca9401fE3d87 0.07
0xF38affCbe2A7c5c4Ce4c0f066D1f2e356f2FF22A 0.01
0x5E159530154a7dd67f54C041Dc4533b642888729 0.08
0x0e2383ED3D671064424369AdA137Af97c414c5be 0.06
0x7bD0beE0CCb8Ac8Eaa3b6fAcFa04B1DBab6fa30f 0.07
0x8AfB21C3cC423ba42Dd6cbC9FE0b693b4ac0ACA4 0.05
0xf6d2bf0a675fD31064A093860B1A97C929205C6D 0.03
0x3B009780F24569B1100b925838cD2Ba1BEc1381F 0.05
0x7B510B94ac85303cFF5Ab33Ec95164fF77ADAe22 0.02
0xcc0f7f6De2823f9a7bA3BA56e7BFa34cfD117FCC 0.03
0xA19ebA774F61D2304202bDF505568c00Ef7E81f5 0.09
0xbF5fB415aAD1bdC8AF7e2131112E91D95c4b8208 0.02
0x0b639a3be0a3ea639dcc5b70dd5850428606b36a 0.01
0x865c34743fC1D7A8C1C7aAfA75bb85101A06C331 0.05
0xd10fDCB8255812de2aD9e5FC5FC1fD008Ca4E92a 0.04
0xefb7d245B1F0bF4DF25E682f39623772BB9D8aFD 0.07
0x2ae65D78a53BeC33A72D9bD529c15A9D362DB4C1 0.07
0xd59811507AB535fB40f3C148012a22F7620493b0 0.07
0xAD99A3C03dD46a5562A0a4257756D24386405fdf 0.03
0x6A87430F9BF4b42C871C7ac3162A1B9Dc616C480 0.04
0x232066B0CFbC621b4137F0B8Bc09a1a13E1a292A 0.09
0x57B585259DC5544e0E41eFc8cF89eEed4016cF3C 0.06
0x29c46350e76D4452DC49671126b9d6d35761E0D2 0.09
0xa4c3a2316659c84E41E560c4bC85F0C51061028d 0.01
0x33cbD850CeC707231c145043A3784636200dF3c5 0.08
0xC5bFc1a63C86F991A637eF0a81A296374a92e9d7 0.01
0x6F644dF5a7629e68a6cA0D11190cdCaC9E0d9e49 0.02
0xb42346f53399Cbb6fB250ef5CcCAa1C840FE0dfA 0.01
0xeEdc36Edd30cF6A0f50957DcCCA2850E9F9F4c0E 0.07
0x609f23723F40585dC732617809A506289149e97E 0.04
0x5A50DB2481c6bF7C0A57457F03B466678f52FF67 0.03
0x72b7dDB8983613CA2fc7350eD519b785505956a1 0.07
0x15771eB369d7460209588eceBf4a95c3Cde88636 0.08
0xEd4388088Ea9138Ce6a6D1ABbE7B5a0FEa5Be8D8 0.08
0xF1B7342F4a9b966234FF21690883d9772386DbD4 0.02
0x474425E94C6d70c474B0f547ED7B51e222425028 0.01
0xEe7dfb011945F8ad04bAD11522B3D0CcACd3521C 0.03
0x73f3492FBC97068FE4870A0Ff405aFDD8d5ec91B 0.03
0xb1d95C9E51ab0C3C066aeC3CDA4ed557c68c5A4B 0.03
0xA93ed6ad438D5B665223AEB8042bDc5C66Bc11FB 0.07
0x5Ae52e6f7C3af9C5f65834a3f8913BD7E690778D 0.03
0x4DA922a0f3bDc0917828AF912502527b83E8E171 0.08
0x74eeb741FE808eB7C89Fc07467379709CFCc71DD 0.05
0x24eD96C93B9a1d893e681A1DB6231c0CB5391d36 0.02
0xF88AF09D3E86c4a453A3457c31d201b4F031A03A 0.03
0xB0bfC7E9cD2EcA9E9AB4c6B2e5d2935a63a8bA92 0.04
0xfef05618a84947A05A1f3cdaA4141A59beF42c53 0.09
0x0Dd67069c9245f4EDC97fD4dB9C61491d2ED3815 0.08
0x570eaae8613e26e2f447e6d04e79890f011e628c 0.06
0x864C94af7Bdf9dCa2516437D3E2E75ca1ce914E0 0.07
0xe0f0b3B0478211A6382F699F929cfdEEa430D57E 0.02
0x4Cb843239D69A3c250633FA32AF9aEb87B37de3B 0.07
0x865Ac64C2937EC33FB32249fdc36ea6351bCDf29 0.07
0x4785FEBBa431ee06eAcD65f555Eb4e97a047a5Cc 0.06
0xEd3e847069881850c3D0D0a058077F11740664B2 0.02
0xe67DDDFAfBa4e7255c0614173c664758923a6e4e 0.09
0x6F176Ae61d3CB2Cff5577fd44A645daA8a355964 0.06
0x14eE8281f66D703682A3C5Bfdf969cF4246115D9 0.07
0xDDAf734A104390687C6deBDD33aFB1d201375Fe2 0.05
0x97474ef6F8d7f9A5FFE61De878fA9E974e6E3270 0.02
0x9F9a2c4f74309f16dfCF9BF951f66dBcF2b28824 0.09
0xeD939A7512C1E63DE67EA23e516F5C91a8075d7B 0.06
0x2dC0f2B2153d9F339536cf024c32Cff0993b4EDC 0.05
0x2B9ee70e3024dF18313dE769c252BD5F6A45F81c 0.03
0x95a3C49C869D1883A1D0F22759b5fa276ffA845a 0.01
0xe5416908EE49e701C951bC5a5294e5869eEEd3E9 0.06
0x34D2a14342a3664458B95261c2e055d726395bc9 0.02
0xb6aB7408d1EFE48C01C7b20c9CBb132b2e3e10b9 0.03
0x72A588a29a00C52542af4CBdC60048099F1f5B3f 0.07
0xAaE5238B1F0e5e20D1c15A1B10D474c79Bd35Af8 0.03
0x7eC578e74B64Dd77665E8E8c295BF1FA2a3d4726 0.01
0xb539ADdC49128728D4A3Ac2DC10806EcDE0785F7 0.09
0x9Fb5a41a3207EED6634e761920130Cd5dF62Fb48 0.05
0xF742B809c82F87e7cFcb6De9B17DF46924d63F69 0.03
0x8D5390f2B6201d18d24ba29B807060899E9E166e 0.04
0x0F07aCadf10aFcE6E74e6812C00Fcc1D3976d488 0.09
0x09A2beFD452a5F8a13f3b9D9c72db90cB51ddCa8 0.01
0x41C8fF7b4636bc096a13eB7d6A401106A1Bb8750 0.07
0x4eac804C87979a523E424Af659A4133852c11182 0.05
0x094e2Fe748dA8f8D07f75452Eef08B716ECa9687 0.04
0x4DC1BF5Cc9E7A9729fb794b61E8dD0A029d92e1f 0.09
0xD3Cad73372b15f5aE6238aEccf85489c2C8c56fd 0.07
0x67EFF1262810886ECe100977822AD8Fa838C8787 0.02
0xC7dDf853E6A5051CDb922404dcCE923Cb0696EAC 0.05
0xF36FCE020Fb4c97A0007AFaEc2B3a5574A42Fd15 0.03
0x59A8f9e0211eF2072E38CeCfbCB1D85208786ACA 0.09
0x36ad259ef4e2538a9ab76c681f40aae991f3a02a 0.08
0x2e81d6E9FB1e3fbd063459315109c5e088b376C2 0.02
0x17D8BEcCeD6E4D023600292A8a8a963d48d47EEd 0.05
0x085de74E13722f34ED01DDC16f3d3d6F389371aa 0.04
0x4931bf63D6a51e5f07CCD4F063a7540264C30d6d 0.04
0xfEf3D96931fbb715634a02bAdDfB4C70B3D571eA 0.09
0xc2302Fcc7603BEE9aa8b57E3B730D3cA77f20b8A 0.05
0xF3c97322e907abEE38E5A419dA56A56Af2135c36 0.08
0xD3A384E397f5D577E2De56b94DCD6a7D315fAaD7 0.07
0x924Aeba0B70c0661E07bc2A9C048dB92571fE0a4 0.06
0x35806665A9Aa1Ec441147278736B3C70e6635976 0.03
0x965dC892a000CdE7cb9d6442c1EC5260B8feaAe9 0.05
0x3C855Be286a345C0c9faEC984accfeE0Ba684543 0.01
0xceA2C1CA00C6CB40e4219919E1dB2E55cBd41E86 0.09
0x8d61A73Dd12783FA9Ad048400D391490154C404d 0.08
0x95Cd63137afbB12D146168669D7D6859cE02343b 0.07
0xe243e08504ED5856D86c4E0Ae5bcc2b0986d7c80 0.07
0xB02532E4a3D82E00A706ad655C3F7986e1128Cc8 0.06
0x64e260869A84F005E5189c2aA8E089286b5A8608 0.07
0x2eD641c8434c412eE6ec3CFFa986759cea8066f7 0.04
0x3C2c17E343fDC5e34AEC56A74A88Ddd844200B11 0.09
0x20Ea38dEa3aDf67a5e46DB3379957BF001258f4E 0.07
0xB36Fe6291216F529AE37D199504CfF2a1cBe7b2D 0.06
0x4afdf41AbABdF699f824443839F02a46B54D6D14 0.06
0xB28b2B6f1017806f247113ADc4c166f00eC332CB 0.07
0x18a0cbCB1E013d51807d55Ec728Ab153b90c6B61 0.03
0xF6D745C27a9006117feEDB444d1a99d6a78ef26F 0.08
0x1525BA8c80E93d2c57cb35C07C4c5Ef65d8dBA98 0.09
0x83D8aaD9340Ae66DeFee623A56B5BFc5D84c76CC 0.07
0x83e845Bc3e973B9f3F4C0199866a3F444d99be48 0.06
0x41615Eb4fc042dF25289Bf9711228E6B621A8cEB 0.09
0x2C1966C606EAef3F991c7461184EEB35B24d5c15 0.08
0xb426284715c2bDEbbC986f2bacBc1542Ab314567 0.03
0xd02A25a0EBD2852d577499B5bA95d38973A097F8 0.07
0xaAd3D970dE8774CF865C55CaB0F6E1d1EFbB42A8 0.05
0xa8c2F83a0CF4f83156a823A6D9AA90536CdC2D3A 0.09
0xCb07B53cC5922184996d717559916EA67A660A59 0.02
0x5FD31b26f855638d67DDf15b5710BD77Cc018780 0.09
0xeB7257567f72233136d3518e3f31694497D0914F 0.07
0x8cfa7433c8b672421beED55FD4Dcec0E93e16d30 0.07
0x40Dc2E3C4D8587346dbAe29F5D91742939c9B001 0.08
0x6Ea60F7611f8914406862DBf4C4421A87957ef6d 0.07
0x674092069ac4f1E6Ec911af630eB3cA05DFd08f9 0.01
0x7Ae045D08365B221b39eddF90ff6e92D1B6125F7 0.05
0x144ba248b79ab01cbe6884f259cd19fab2bb0b7b 0.01
0x809B5f870b9BFd61258E071AA76Ca780143803EF 0.01
0x63B1588F56480007897E1F5384901B0DAB319585 0.02
0x8FD65BD77d828B56831507736C3eF77afdE3edb8 0.06
0x6Bc0EEC8C21C60BC97ada27124A2f857680e6AB8 0.01
0x937e76E60bcce63Bd630127A7B7227A2EB616d54 0.06
0x223ea3b8Ab7ecd00AD388E6dFeC2ad22f53CbD8e 0.05
0x3423b6D22c270E8007005E02c5806600effd9752 0.07
0x1c5Ee1591D86147D21D28aC2663DE3B586517586 0.08
0xfCb5365054dBD53112A07397edA24c2EAE0f4b4C 0.06
0x3b8F6D0fDdFC151105520BE8C78278Ec030ec66a 0.09
0x1192340480BdEAd309f03c5f3948970EFA92aaC4 0.01
0xc3cdF2D58AF3fc1B5f544b38FDedFC63A1CdCc40 0.07
0x025e11cDa0f46609c9810fE8dC238d0B1a9c7286 0.05
0x196b89F19a5b3030A06d6E07C94B0103FaE4FBBc 0.05
0x8C9F7b8BDB7707A7142f9E311BC5805b87D97Ea8 0.04
0xe1d91DaB0a661cd90dc3A05D9a41379601F8dF6b 0.06
0xb7B3dC21531cB445fCCbe50a9C42d6C7E48DAc87 0.08
0x6827A4677A1E2be7afe35bd6b60F407F8aA1E74D 0.07
0x0bAC9894A8805803EcDB2d80f293C2287E7A357A 0.02
0x60540ddDaC2B52270F48b7f987660282e99D5e9C 0.02
0x517Dd332c0947D6e880e53f899603845afB00f7b 0.08
0x893c7C376a24C8D398CCFe31128E1b3103461869 0.09
0xaFf0358db3198248d82de5C9d9Af72716a73b8A3 0.04
0x08c8e56f499bf32bde1c50512a64b2960b71f104 0.04
0xdaeBd62fEfD323D791ecF5f524BB434489357541 0.03
0x69dF9A25dE02eD17615DD9c04507229821ABB56D 0.09
0xE4cA65BF6EB4465f59FA2E3efB61a24631bF5baB 0.09
0x059590BA43C6990776Ac635942961eE7b78CEF2b 0.01
0xDe677216eA078bEf1c1628025D49E47E1fE55fCa 0.06
0x7F4d1AF7945f0ef7F3D2ffc22c2EfADdfA659515 0.04
0xc1829CcA4e961BAC51D7E287E85F54427239ED9E 0.04
0x266e3Cd9879265a715081871bF7B09052341BeF1 0.02
0xc1DdFAD496B629954C547A78b54d57Ec35c43dcd 0.09
0x7d0423E277c49dF6aba9B50b1EF3203d9aF60241 0.04
0x2aB945683f57F229d6df0a4F77aA78D3d3fb167f 0.04
0x54b35ad87f59b06b00201d9c977f1e771853a502 0.07
0xD8D7Ba259AEc81b6957246006945549C659EcCa4 0.07
0xc8Fad62de2Bc47bd51bfe20af7a608779E63ABa2 0.03
0xd6dC9F0B080A14C29B7E7fD791898714A52D9eE7 0.09
0x92FB456E6E8F217756334dcDE3f78358C82007c8 0.08
0xA5AF9c880678d4C4e29Bb1b537c460eDafd74bfE 0.08
0x99e7F261c017Bf4190545903D419B7151d5747A5 0.04
0xEE9d52d3189d5f1CE51EbB19f3d41Ff350E26400 0.02
0x7bE43B525C3aebf81a67a019681C7D5436097220 0.05
0x4A5896aC244a6370C707Dc5fA62eD9A4C58c6E01 0.08
0x7533AF2e7c1A3928bA87E71FB13D67ffd6f8e5f4 0.01
0x3aC2Bc2c626e62B89f0a05D36A5B3BCAC23753D6 0.05
0x944A8C1CCaE0f0B54E11F1Dd0f53273d18abFa6b 0.09
0x8D86491E9e639D87DCEaF1b953fb5b41f3FF7532 0.01
0xa32b03530ea5f66E1ed566c99DB18De35A383B73 0.07
0x3e58DD42d7908D8924a599E5E28E15f4f58c4075 0.07
0x68192FF569A98220fFA3d3A2B2506d22c0BF1E34 0.08
0x628c62844EccFEE95Fecd5D772462bed2fbe553D 0.05
0x82059f8189F299aDb9a6332B74d04266b2467B10 0.07
0x3e06B82576b2B44ded714a5523E5215B2899Bae0 0.09
0xB4d480B12e8bbf4bB944DCa60f7665F9FcA48d60 0.09
0xb27160eD2E2d78DfF0DC88F57A2172bA2B1AE84f 0.07
0xbC992a48c16D9f3A6c8A23A5f4728F76aC6FA169 0.04
0x4049218F5Cc5ceDC1d166dF9eA0f55de7E6aF901 0.06
0x7219486E015a88320e1037606591473e2a950CbB 0.08
0xA937ecee1DEc6Ce761cCa4f748F151A993c39Ec1 0.04
0x25d522B1959E5a612a1BdB7D8759302c13BCE53B 0.01
0x38624796863dAbA932D0355DE88034d0f50b6b6a 0.01
0x107c175328902efC15DA51c13569D990c06ed905 0.02
0x233cF6F3a1E7559ECad5372dd016C64f25e939ce 0.07
0xb832C55e61595e10028f327ba6A9C48038623756 0.01
0x9A742877a8FE4C90393E9A58b7F459EB07cD7d46 0.08
0xb7F6814A432e30BCCB784DaB53aB8ADAffeE461f 0.04
0x9A7066eBB06fB03faaeA33075a164c06bbee6BF0 0.06
0xEd7a411a619d1F93A2bbb2081aC4b2aC95fac45f 0.05
0xa18cDEab2d35f6b7E43e420D12849d76055b2574 0.01
0xF0571e067930c59F974d3394987Bf4392513748E 0.04
0xd7522c6898cB27C976cB7f4E5Fb4F05598E207af 0.02
0xb97e1B49DD3fF37Bb72ef91313325d16AFC05e00 0.07
0x9B036f51b6382ee28eC6a4352528C965B5A43B8b 0.07
0x1d8DBad63B97Ae7485DBD8e7a3Bf1b92Cf037c3e 0.02
0xe1bf5E10E2b5DABE2c60CC2EAA72e90fD98029Af 0.03
0x93D5c212F04B3212a85267f2Eaad454B3d5F08B9 0.09
0xaA7aE01113Dc80F02Cfa1062b32E8D9D3583FbCE 0.06
0x86cE8c85CF1E76207c81AB38735c644d8255c801 0.01
0x6701E86Fe20E2Af5AB8aBD200500d4C9bBba3Eb3 0.03
0xBf43357DEe214fbC79407Cf2588De97D4E05b12B 0.03
0xe9Fe511E95643E9e5bc66eA0ae327a52c9258AF8 0.04
0x92F1B9F66c876b005e739C14806C03e13c6541cC 0.04
0xc9D74444Af638C03838a4f73888B99d36EBC7a1f 0.03
0xdb6d2B1d36eeb2BB49406eCa9b4B5A396c67629b 0.08
0xEDB7AF625443Bec75d53544e091Ee3492ede8BC2 0.05
0x98FB2FDAe8Cc33fF448EBDBA17Dca2C67F33C336 0.09
0x7382337473e07D323F219DDD58FE6Ef2b740158C 0.06
0xE14F2F09Ca59aB3aB95973C193FbB14eFA3cadd5 0.04
0x4FE1FA9CA9D04196a6250310Ae156B9b949B94B8 0.04
0xDDf23DCaDc4B5bf3faf0C42d69b4ef14d9BcB300 0.06
0xb5D2Ade93Ba83Ec63942856F9C9392955a35246a 0.07
0x3f911eb6d6CBDEe710c914349A872dB63DE4700f 0.09
0x3EC293588F62d54c9Cb782541573a5ce8F4e8481 0.03
0xdad06BE101F9885Cb5FDc88429cAc93B0a0d61F3 0.04
0xf1dCa2Ea2bB1534B4699c2B3A9eD8EFdE2Fdc349 0.08
0x7C21049b665099Aba9655B8ccc7BD8d70676081b 0.06
0x970502Bae28cC95Cb5cB9Bf9743B26cC34C8E08F 0.07
0x5447A8B03DF051b911Ac4b7f60264E7b403a7a1D 0.02
0x41342a956E810551E05DF4c30D3d0e47c3145926 0.01
0x98F976bEc51ab681c6A8a5B7Db3bf5C87D0c0804 0.09
0x13f30f78645a4aa7bd518f30fd94465E52Bb3C39 0.03
0xC54060562D6dd9519748Dd8E352Fc8097408A783 0.02
0xEE13E53F80d0285224B9333F2Fb996f4bA9D22b2 0.03
0x4cB9ab0f8C7cC2CabCE7dDBcd14Bf6277D7ac636 0.05
0xC1fD90A4C347895F726097284a4aA6aa86630b49 0.07
0x07367a0dbf09571ec4959Bc4Ba21653a4a3802F9 0.02
0xe7f9e5467cDd4bc26A06c8b6156013C589BA5147 0.08
0xf761f1F5855EC59889D413B429B4c41029a88536 0.07
0x75783fA6e05703877e4cE7f329A8C86b8d818c2e 0.05
0x7Ec634Ef690B71ec0503D4baa7b6cDa9607b9E05 0.04
0x5F854aFaf05ADDD2D6c10B0e672e8610c14A8982 0.01
0xA64D9217418966b86ee60a1Bf490aCa2ab0886AE 0.08
0x5fdA0a606DB044A9c114FbD83C3095792faf4d8f 0.09
0x3B024C8A3f9aD7Ad06a82C7DB959c0Bc1F0ECD6E 0.01
0xF6d64C99a6BbD6655C2C51f13755e979Abd00D11 0.02
0x5749aDbD534C3F0c9988C110E83773633407E82e 0.06
0xc98b765F248fF9438F1E970F8a683cc1B5B5cFFe 0.06
0xb49F5F61e6CcD99ed64766DF2940E24628Bb6f01 0.05
0x2C86cdeA711EA8c650c3939B4e7690EbB12D5fD2 0.03
0xc8CC7c0e1f7FA7Db73A22fcfab85455faEa5e72d 0.06
0xD4deC4d479dC7b5e520738065fBd47080539CDeA 0.09
0x9006Bb3c480B073d1e19778A74e718A719116a8b 0.03
0x30420764300e47F878dD64e5e4D515dC718f9880 0.02
0xdf543D2484bCe4c79e5fA3844ec84ed1819202Ca 0.08
0x5476c983F4e724eAb7cD17da1050f126d4830381 0.09
0xA2a8CE63F6Ab53a7CB4b5E1ecB9eA77Eade05750 0.05
0x155FEE2eCC694efFC67E9546bF3F60a1f45a0717 0.07
0x92401D94EE6b0954CA6Cb4aA1B4Dc89235e55bF0 0.02
0xd94bA1663064ccCacc234f2427aA59eD6A09Cdec 0.01
0x4BADF5f99E448112287d2Aa50ed831d3B69DD35E 0.07
0xFbD177E8C5e14da0B3051ceFa2DD68F7D3Bbc2B1 0.03
0x08A6E4f2600A0A15Fad3CfB428D924dfCA6638f1 0.08
0x929563629872375a0ECAED25C13aC94D9265eAc7 0.08
0x589d63a570E722bF9fba330F379d996b978CB60c 0.08
0x1B05aBE157503D3215E0094e551aE27aD16a4E24 0.04
0x9cEe5D7A627060D21c55D6FFCB40F8c40c78Df74 0.09
0xe98ba1F2122d1F06BC13Cc060D7Bf4a1542dFc3D 0.02
0x3103136150eD5ddE8332551F0bE87FCB7131A954 0.08
0x1D1932dE0CbBe0d1F5D37026CdDf9218763d23df 0.06
0xa341ba4aA993b883c2FE8c2BC70d7d0f48FD0bbC 0.08
0x0AD47da66dAA309f3b92C2b9BaA53f66987a9CAb 0.05
0x71261a7ff244c2770bAA8482C3fc5fA06Ce9d807 0.03
0xa39d62DAcC182D523034B8F01CB0d3A8694c7603 0.07
0xeddb4954d6b0d2B5aB686385c64E1E13c3cF8004 0.07
0x397c9AA18465515b78C291B8F221651a178a6eb5 0.05
0x7e68bCB2a39FD81AEA9d0d2e615B68C858171B84 0.05
0x0132fDA667fFE62e292aCB2d87721d1a7B5EafBa 0.07
0xb7aff725ED1dC665F85AF88826b068139f19Cdab 0.08
0x3c11aFcd84a78672279b91dFf1D81a831CceDF92 0.05
0x55271cd50a15aeCB46442318930aC60de5CBEC48 0.02
0xCC6Ad91bcDeF4E05c62dad516aFF57D346FfcB22 0.02
0xA9154e48C483D01E131467806095C0Be007FaDC4 0.07
0x23916d7F4177972f6b84765296aFC81ad87981ce 0.03
0xC6D0f96eBf14b1EDbBee7aEA716E9363B4a5aEA7 0.01
0x0011e08C3c4DAf62C7F6B399fb610d7dE2EaD1bb 0.02
0xE5B8f4B79a9f878E5725C6fbc7E8683e002752A7 0.06
0xb0411c85F8dd06DBA7BdE005413A83E747D73a1F 0.09
0xeB1d43f1AF1Dfb11682310Ea5A3e2CeCE91091ef 0.06
0xC2f1831e74a4B1fF93a8024bF5949298c778efc9 0.04
0x53BB661171E3dB8472b566af0800f882D16a5a6a 0.05
0xBFb1079D6d098c481d8acc7E86C874C2a4232E55 0.04
0x2C2fF170CFC66d295c3039f04CDa5cc995e39aF9 0.01
0x24CA6d19De4763cfA04F244BCC75329F1c416e84 0.05
0x09E50ff33FD8240f259CfF2ca60985264F2AA1A3 0.08
0xe9279bC41686465160a0809ceD26aF62fE3e391b 0.03
0x78e5bfe97629c6735e314d1659cb0e866475b98e 0.04
0x0cfcf6E1D3B9bBF0737F774AD34c1102710cA855 0.04
0xDD2ecBEb66adB54b0af17713196309e07C9aEfF3 0.07
0x8B79852Ef1295f5c5D5ceeE70cabb8f446EE295E 0.02
0x465594D519A0F10966f4AbA8135Ce23d8B9E6B1D 0.09
0x2c0BB40fFeEa9F5a6Ed9A2f52807726Bf25eEb67 0.04
0x2f79823c53e616114f0E2a87553780B5F5178d01 0.09
0x7E844aC2fCDA588d38de76789f80086A459FFa78 0.04
0x38bF4b4703B88CA820843B0862DA2DA0fF935bB3 0.01
0xa7Df76347e0826281fa26BcFE889e4a435dB4C7D 0.04
0x156dbE92425dA65831FffA76C6A8A7ad27cB85B0 0.01
0xe7A57bfBA21b106c75Ac1FB34c0737b96914ae2c 0.05
0x3a9B102e086D4c8379e6AcF2eBE50bd04Ef09271 0.06
0xd80FC844bd4FB347C09d853cdB2d01d3E083758c 0.07
0x27504b14aCfC15DE75De0e078a22882212b87d3B 0.08
0xd425F9626EA480E367806E823164Ea46C9A31871 0.03
0x5eDcbcBCa0891703872AEf6f4f8A11c004AFCf0D 0.02
0x49ce82d1Bf26b22975F7Ca8D80D1f2Bc8a209e39 0.09
0xcCe188CA2a411830f66cE81e07165C2437aC1815 0.06
0xAFB61F7B148382E4802f9554F2f5F80955d53305 0.03
0xdc32f4cc4e909d52448dc23db12c715394a1a56f 0.05
0x6e363447501ed3D8ee998EfB569518f49Cf4a906 0.04
0xd2f0E2525Af0559f09a828152dEb324f8eab9672 0.06
0x36282a9a848d29a279f30e82481E0a8F4306f701 0.02
0x1351176E33c5F9c762707540138C8c0D3431DE05 0.04
0x3F665488007FF8855806148721DAe8FA204D2B4B 0.01
0x225a8567108Bc3f2DDf6cac1Ebd0d910bAD0991D 0.05
0xa4f46bA661d8515673c988338D62366df298538B 0.07
0xd60767045A589110a8c76F23A3Ba54a8c578c440 0.06
0x2f9da2C2d76F9Ed5B336d916701b43470aC3eE5f 0.05
0x2db9e80F897f21eb8C8e86F735515A7094d751C5 0.04
0x5C5Bef454dB80b40B35b67bf746068079A74Df56 0.08
0xAdF0b8257F68c1C7E2525756541A5A2351Cb195e 0.03
0x770Fd38E7e9645671Ade688dc39407F60d0755dF 0.09
0x16ab9bE291a141Fdbb7218D5f4F458dE0A130e4b 0.01
0x08AD1479D9B381620B38ffE409356f9a0aE958e6 0.03
0xdc553c0382Fc0bEa1c08fcA5e8679973bED912F5 0.03
0xdB12ec4cdE7404f24980a25db87a3150605b0dda 0.03
0xAdC02aAB84d983c04528fb92ac2440860a046E3c 0.05
0x8eC031c908A6d69b06fE9F24B771f35F3CC669c0 0.06
0x02CC36ad8902E7a374B0a358D5904e19a51658e2 0.06
0xf1C6f64a27a3134aaC5808e862601747D9bd0BcB 0.08
0xd62115feda2a1a8D51d254EB1D1341293572409C 0.07
0x54a19Fa443AAc48599e02912Ff2E7B5adAd94Def 0.09
0x75eCe581342FD251280fC598468b6Ea5b7857a58 0.02
0xDdF89B817961A4F0987cF205F964DDFd75649A6e 0.07
0x608d68d0D3c6618E54cE14fB2d09F0514155bd3F 0.06
0x9D2b39A66e1F9ff953C33AFad995cA2c656C4d5B 0.01
0x866773De2fdB89a816777dF53C2Df5F902b87BC2 0.05
0xabB3C2261d8F715486161be74B205e817ea63B49 0.01
0x537E6fF490f03ddd73153a999748188F05DF8045 0.05
0xbA13CF74506889B7D9F2Fd4AC7513A570Ce59278 0.01
0x78e8b76A2aA09361E77fBfB9D5eE6Ac1772824ec 0.06
0x35a242a114dcF6538A5d1491496d9DE01309f120 0.03
0x45Da8cd5B785E9335097D1BE7D288E1B9ED604F0 0.03
0x01d5a8AACED961403e61Cc276A6C11A8436D4E4c 0.07
0x02Ac69ff1B3Cfa8EdB36c1236505a9247b9e2D40 0.06
0xD0FC09c92C2B41A400B677b7a8B00EeDdab48ddE 0.01
0x8A23BeDEA3f962Ba80a493Aa975CD81A3E98aEea 0.06
0xd6BaC946a11f599d92400baE76c3e17947A30c93 0.03
0x38C14611B9b6220dF87fAb2A4655214048B73875 0.01
0x30cbF66F4563384979CF16275fB4d046cF17eC89 0.05
0xA33A341c273Bf449109686A8A3CAF1a560da07D2 0.03
0x94B635F473fC88C6498fed510172A8b636CCEfF6 0.04
0x03fa84E6d0586c6F6Db460334E126f14aE998FE0 0.06
0xca38bE5e575fD14Cf3Ce844008f68C90ef82Da62 0.07
0x351670A09bB4B55FAe3eE8c74925E74b44e8b390 0.02
0x2821D7c3485F14FafDfB1197Ed40939B2E76dF8D 0.09
0xD67cBf98bE6a6e2075698676204390B04887E60d 0.06
0xCbB57C2C8cD79F6a76C0fD42fA1b59e971E2ab26 0.01
0xb6fDc622686318EC7307484C060769aA9d207d8a 0.01
0x9A369Ab93a811A676F3380943b2883e810d23DCB 0.01
0xE971A4B5C8C5297A16Df78F80dED7FA3eF3290eC 0.06
0x4f4C05a560CF6AA38677B7A15BC6C4A84a26Ff88 0.08
0x87312f8FD7d15a1d2a2A153377Ed54EBA2E587Ea 0.02
0x69A41C964114754Faf4e377F68221344e3ca61D1 0.07
0xa4960A541F37Aeeca08d3a35a22f6b6EbfBab233 0.05
0xc60AB3D1513bE0629B23A6ac7CFA8fDD5fD97fb4 0.04
0xAc4de16Edc19791B20F4D6e9526bEdF55A35Bdc5 0.06
0x6bae5853dBca52e169E4aFa0e49B9249efb488Db 0.05
0x695637C770232C4dbd90e4f83266a0bCD4Ec6de8 0.07
0x0d102122167b4457346C8227813e7933E2FCE0B7 0.03
0x7C2F26048c418937c049f0F904C016b54951EeF0 0.02
0xd01Dd2154F57D46115d0047186c9df63A99C7057 0.03
0xf975922278598E4382366F4eaE732C8604137e16 0.05
0xe8A6825520657752cec6FE7FB5752712CcF21504 0.05
0x0EE8eAeE1759146cCF5da58dcD07d11D5CAd3Ce6 0.03
0x5215fA78DB01C41f5A40379D2F23D8cA223679a4 0.04
0xfa789ecDf9B846620De1d8C12aAcc7A18e4ACFb4 0.04
0x5DbAb2043fd2188fb22bC69Ea7d52cc89C60211f 0.07
0x71A281AC0437d90DD2beD1E3F00865B501bE5e06 0.01
0x6eF72AA95cd06e6BfB3f47F63986515c975bDfc0 0.03
0x709eB9cB4C08a16fE6CF81c9Cd03708586245ebf 0.06
0x7971963a7A2D10DCee8A9abDa72e4E465E436d5E 0.08
0x91e2aAe1A66577012178ba21d14ce5356C77E4a1 0.06
0x5584c284b22Ca60083443301fac25D2770C757D2 0.06
0xe29c8Aa8115e8648859d8d32B9A60C9468a0b4c9 0.04
0x56c8796d9a1054B51101c2Dd0B228A659D937dDE 0.08
0x31f3197108C5F900BF8D18ef69dC89f4CF62Cf40 0.05
0x005553E572E0a0Df67f0F98781006f2bF513edE6 0.03
0xF253ebfbB7B2dd09D8F3dc6d9776A77e0E5c79d8 0.07
0x15e5Ed3c0191F10176E7C4FDc501eD2bc7e73a5f 0.09
0x29A7034f91457c85Ce5b7FcFb3fA75320d9495f9 0.03
0x7f07da1c6cAa7719C8b03dE4D0755dAB9441758b 0.09
0x11E82E730AA6078161c6e79655f0dbe04aF51e52 0.01
0x703CA793c3ce69082c70BEA3A8fB71Cc5BD05155 0.07
0x9D364Ef1071114666777601ED39f9B05208ac22d 0.04
0x25911097eF3AC2f96D4d506Bf70927D9ef606b5e 0.04
0xae8159b04878578D8caD94e9AF572A99586C06Bc 0.03
0xFcC15d3Dd8d70d2a6C36Da4971B78247A7663645 0.06
0xd4E5a07aBe841A3cc7122fd2f3000e3f880fF843 0.06
0xbFf54e0F43D2A73fb08134f9590aAB14Dc60514D 0.04
0xC6FD60882c9e73cCbc9a9338477EEAb9d70c8834 0.06
0x700B5Db8cBbF215Dbdb88a26AeCf112c75e22aB6 0.03
0x0A1d60B5cA8755D674D09Bf1dFfdc9CA9771Ec70 0.02
0xE82f92d675096F9038C476BFB716F9AC0Ae30557 0.02
0xb7b031Cc794125d97FCc99190344F01588fE704f 0.07
0x18952D5b23F9C6b7Aa21F2027F86e5De1b4d0cb3 0.06
0xdBEb3E2A89024840392b66158D55596D6Ecd998D 0.01
0xeAd2B22123ca33413B1285cbCA5b64e83CE4D734 0.09
0x52E90Bc630c72caF07b424f63fDa3C6ce4572969 0.06
0x1B424340b5E38239CFDfd95B938f136cd16b3ff6 0.05
0xc9Ed55B2723A8B9C26d00Ee085FA32a34860e690 0.07
0x23688CdC280c4DB5F93eEDa332c2c599E619BF06 0.08
0x494b7B5e320C012dBA8939d7966eE897e6A8B126 0.02
0x986dE7E0DDd8bD3d69FF3A6a613Bf65cef6294d7 0.02
0x8008250efEB2EE056A30aB323e2B7AF9fC6483E1 0.04
0x95ef3895b0d64a2e862408FfaEe1C287D98a10c6 0.03
0x44f66C4FdB1B9f7e7724e92A3a069FE5585FcaeC 0.07
0x6009606e41519c7b62B27a655DC721F676eDa088 0.01
0xd7eB019c9047CD5Abb816bcC3Db751e1ccE1F803 0.06
0xC68538d6971D1B0AC8829f8B14e6a9B2AF614119 0.05
0x34A573085eE4Ee4c0E43f0F9B120324C4E05C6e9 0.06
0x4A3062aEE266eDad9553acf291E81a5254861C57 0.04
0xe4d284b27222D6C1F35d3133D3307b6fBd05e4cA 0.08
0xd4448b8a640D7f0f1e577A1364b1584933678da8 0.01
0xdEB2c42E39c84dDf053E4E447Ac91383255f3DbE 0.01
0x7300CB19A7e311B6274c57cc37C37a4bbC1297cD 0.09
0xff76CF7B0C8381D83afeb9D22c3C29706d0896d5 0.04
0xF8429e1586100399B4a35633335BfFFEB2c54dd2 0.06
0x96C0b0b996f3E5AA60170F3fE60217c2d983Eb26 0.02
0xb578813e07CEBfe28bD17609ecD8bEF5C0D9A5ad 0.05
0xa3e2873c4bb378226f4490BD2F44E27A9542dA0E 0.08
0x93148150383a984dadBd902cA348460e3F3069ac 0.09
0xDa5163E9aDBd72cE0B9ca5fB412247c2E9582C62 0.06
0x8CE34b21CD9afc0d466812771A25790ab9Cc05E5 0.01
0x44EFB9279D95e763500BE2FBA08c42966c02c617 0.02
0x591dA6ea6387cE6ef7C1c89cD81c0E943519a9A1 0.04
0xc22309e2bFf799EC2723F4A18F8c1A5c90f14249 0.04
0x2c8f74f3E548b75E4391fe9F32bdB68d02288e0b 0.08
0x9C13386041eF394F07b4B267bF6048F1560264cC 0.07
0x33209cdF09c62693752a4C4C252D5a27A33827D3 0.07
0x367531942F8589027DD41576A10C8C86437391d8 0.05
0x0C088E39A9c85f1a0A4DBf94Dddb72494a32A9Fd 0.06
0x8d4E3067B28669cea99ADad19526624478d5686F 0.01
0x7a818879A182eC24E6e9b7EE72D679fc5179A122 0.02
0xBc12C21904E46B381847C6E7C900AB589b35D368 0.03
0xb8c48031Ba596eaa423e94727B3fb24dd24027b4 0.06
0xE1dE6de0DAC0D48c1Bc6e0Bc28e9B5E91dAafeeA 0.02
0x84BcA802707aF279a6C98Aa83d7310a2039989d7 0.05
0x467a1C29179252fe7e8e3Ed75571A58EE0542336 0.03
0xbB037209d24826d9fFb77b3177D21056525483A7 0.07
0x588dc9109d0fe15e5beccaeae83061ccc7d42d19 0.08
0x46Fa0269A4d9fa52548572029cD120C87B7E60F5 0.05
0xB81739ff0fBe53b8c948275721ae99c7C63B09A1 0.08
0x9286B53a9DC0b27242c67c9a7aCf5205b0f686ec 0.07
0x3bcc794ab69a071b6b213839dda98ff375c47b55 0.04
0x19D214479daCc4a964A62c040C22C9Fd4FA9D017 0.02
0xA574FAfef4ce248AC8Baea701628A6787DEa4137 0.06
0xad68eE1ff16a3cC9dd95fc8fC870CA2eaC210511 0.03
0x4e5B4141415BE75Dd4E6dcA06E2Ec66d3229Ef54 0.03
0x26cc7a6b1d2224189f2c2513e7e907c781991300 0.05
0x25ba1381901ECE664b0557b935874ABd4904B384 0.05
0xd2456946fde5E1f3B2c69703b310bbFF5901B864 0.05
0x46741970A6Aa357d220B104d0C5cD04ab7cF4a84 0.01
0xFD7E22615f3252f9a0BE16088550248688a27Bf1 0.05
0xd7a3d2e6c6e53c69d6887b122110ceeab482bb62 0.05
0x5d753f0e4B454d67c21aF9e88B4AD2caa79FbdD9 0.01
0x00B064e98169869875b20Fe301C8424EbED9d9dB 0.03
0x4AaD2e7Fe62A2a8DA99da149470A843DfA2F3E74 0.07
0x5e147fA27ed5fcD2473611DEEC9Fd859437c4C2C 0.08
0xFEa78673Eb1F7EF45CFDE4ab4e6345D5D38B19ec 0.06
0xfB5EB50DFA0224240399B1bB468252659cC6E851 0.02
0x106f4a7394fb4a9f3b7505d201f8ef6757591f66 0.08
0x850D720cFFfdefdCf94A9B24620E0cCf89b3611B 0.04
0xf99c73659a8F78204f8D2E1f05475d2d37D89aE0 0.07
0x59ef8F4D0e13609901FCcc84F3BA260745c4f6C7 0.04
0x819B52a3d9d7271271dCfb64F9dd997718525AF6 0.01
0x0f12d102AE61184e26e5e115cC22DE903a02A201 0.09
0x5c49fe8C5F908E1d20D666FE8cD001A59AC33F09 0.09
0x49a3f61e18a123af72c38ca486eeae42b05a7891 0.09
0x93e6172A88949C1bCb325b25Fcb5Fc2029c46c4E 0.01
0x72E50937C55D7c64a7f3BDA78D2caCA5058fb741 0.06
0x48d7f7573a7c02aa9733ce2c9ef42401b74919a3 0.07
0x7d7d4C1a2e85EB02f83716b1Ffe07B962ca6300A 0.05
0x708c404D7cee9029249A49F38D26E33f35c60345 0.01
0xdB588321161724585Cf763c7c84964cE8E1F7194 0.02
0x00E02CFE3bf314d3F01A79813a0A8b6c08205c86 0.02
0x371BF7e498193708c3aDf28fc0719e5b6Bf5F82b 0.06
0xD4044A23683144E23E5f80a1a1bAC794237e41d0 0.05
0xf9383924f6c8145cB541b216B91747b103BaEF23 0.03
0x564443190Fd9877BB00D4538519Acdbd42652fB3 0.05
0x0aa1799DB8B0Ef6349DeAe6BAe32af430DB451E6 0.07
0xf2c9Ad6AB4b8D5Ad564E01C8c2893c1FBb556710 0.01
0x0d02461a9c4c734A83B9de969cF424a44Fffc53B 0.07
0x31d60753530fb398b6c4c8e7ec361f9192e6647c 0.07
0x16Ea1F673E01419BA9aF51365b88138Ac492489a 0.04
0x78C0580AA90b86073c32D0de1CCF35ad13D3FCe7 0.04
0xa3acb4ea82ddedaa3cd209d0b5b796f5bf965723 0.09
0x49AD44f228f8cAdCef5DB27738f985cC22B03fDd 0.08
0xa8c05d691439284af29d53297a0e6776d50f6e83 0.03
0x8a9EDE5bd370875d1003DEE551b0E1AED8Ff3DF7 0.03
0xd8c7261F755B2a05d193266a062B48D2D343A512 0.06
0xcE0BF4E54cE68Efb2F55719DF001cfade04d4861 0.02
0x6a55F95d61686E75840821858a774816Aca2c2c5 0.08
0xDF6b8Bc15FF0043b34885173b2f417920405f32f 0.02
0xAcAf1e86CE380B65b9B01aC34462037D265B4da3 0.01
0xf96d34e622cb8c8b3967f03cf15d5efcd64d1d26 0.08
0xae37f88dcc3c17fb636326687b5bfeaf3ca91150 0.02
0xaAd93D7e56F89b5A9255162b98045D5DCD1B1C65 0.06
0x9DD5C25D883737D9D77D4b2D23Db9d1D497B3695 0.06
0xEdB7e38e99321B78FD41B61D7aBFc53568099B40 0.09
0x1E7b5EF5762A4721c34AB9679b84307180b4Dd1d 0.01
0xEed31667ac6Ee590b68aa11301881b7291f988e9 0.05
0xb8c620b592258747198e7de5d05d2b9f5254910f 0.06
0x694692c5a3f24DB6Aa8867246cBe9354Cd2e272b 0.03
0x336052E69b232b474301afA2A5A9Fb46c066c2A9 0.08
0x82BE97901438DF722dF462EE09d9237AF69aa49b 0.03
0xe73c49d527C3B8b15b06137Ea60a487021eBdec3 0.07
0x53F8CE913D59FaF75Ff0b54F7605495FF4c2a3C3 0.09
0x45e852EA3b8b5Ec602c69B2c3E30326Ed0705c83 0.08
0x5Ed8774498F11f0C5333344DA498284d69C83fF5 0.05
0xbD1a4e78D036C276463696be378E009f6f1D2508 0.08
0x4E942130F2f6e1e12A37352e4eeF7EC1BF489e19 0.09
0xBd6FcA61d803033C3085211abffb7dE186d27C32 0.09
0x2d0613a90D3D97C2F14403d02bFb90c09FF94077 0.02
0x9E9891376Cf7b0720942883E8f72Dd47fA54B30D 0.01
0xf4add15a48c7f5dc711ae639c6953358333997cd 0.05
0xC94e96A5C4646f9FFe2A2cFE414cC377d1e48CB5 0.01
0xa4eDC616774f8BAA17F5b93a1e11D220fa0c25e2 0.09
0x9A50Cf33b1A8bC2e7d3F3436420441367e4A298e 0.09
0x8d056cC88f7d51c6b734f8914dfD60B91AE21654 0.01
0x1db2b84804453E8f2D6497886b3A3651889953f5 0.05
0x466DD964B4ad05ee9Bc36743945d775ef9E88082 0.06
0x93C74E704FDf0D6362d56b61D1278Ff0a2abC714 0.09
0xb73c9937f8EB6925f146d7024c29BA7D8B6D041A 0.01
0xF0f5d4828062816513426BE8fA5b996C4018984e 0.06
0x4887F370CF58c371CD2ED3503AbDd1bf53786dC4 0.06
0x6A4cf8Bd96e179ba6392AaC12AE20daA0DB687Ee 0.04
0x498Dd2B4d935BB6Eeed1E02fDC522a313719FE56 0.05
0xB55B866BB265584FAE066131bE5eD51AAFAB42A7 0.04
0x7bA2e5e604C71C2705EA3cadA1A4f2E59978d147 0.08
0xc25E05BF20EE4939ab76e05f8cF00076F9671d43 0.01
0x60F8433453F73FC44A75B74224B415529b64499C 0.03
0x15741C44d42Ac3F9eB8ed4CB0aF2747f931116cF 0.06
0xFA306e8C99bbE7b138596F07E7BeA44D54BC7292 0.06
0x5c9b13e60265c4d59e1d3136457c5b8D750f9C20 0.07
0x3eeff1be8d3a0fa92ad40beeb8f21dee2eb22df1 0.09
0x913a8dfE2fAeB27b5a78927875E6E2EA5aE74331 0.05
0x270B497010A7Ab634d0175b5864aC352b70c4f59 0.09
0x36b5CC61254f98491430ba90dEfAc3A480bDecd7 0.04
0xCdDd694aE9fd5A9eE1BDf397890C8495A376c1b1 0.01
0x2bF8ae22d2C67887122E3dD6c79c26ac1236De4e 0.01
0xB6A664A1AAf9B8ff264e9640E5E4889262B53172 0.02
0x0FB0B1C6010eb70849B4709481293fE56852A10a 0.09
0xe13BF8150460ec4206290C566567818cC579989a 0.07
0xe68eF28D2de87650c90b494Ea8cF1bF602d76b33 0.02
0xa009fA4F50D1B180560e81Ebbe81Ae28ff438DE3 0.04
0xd4F7739Dd597cb6C9B4BC13DF5be9ef6435e0D1E 0.05
0x92771443080C73b8b33E471f1B9D375a7b505A91 0.06
0x49673F04BAa222efFf94e294CBE467Ed43e31025 0.08
0x118961e669Dd366A2997d57fB51aa60045d2eDB5 0.02
0x493806124424d09467E7CA6066a2DeFDa8eD290d 0.06
0x41fD4D68Ef3B01d6Ab3223424650a852d09f24e8 0.08
0x2445CDDBA60FC434e7cD05F31DB73Cd7Ac9DEc3D 0.08
0xC357801221e41464fcdCf897b1E60442796a30d7 0.04
0x1346BE5a70FA2955C1559A0ea15688Ed67839F61 0.09
0xaAC9780E4088ddF6d0b2Abf1c85Da15fC4dad1E4 0.06
0xdb51e4Dd0e49961025fF639De7864E725354eA9d 0.01
0x206aB1c7Ef20AbDfA1D4B69bAA2D9eB7bBEf76b6 0.07
0x8093CF0Ff2A12d1d965652C0bBBc19C294CF1bC2 0.05
0x1B6Cc4082991Cc8Da5F665C79B4DBa2E066955e4 0.05
0x2A6e044B69E5965CcE34fC2EFC37bA077B9d860b 0.07
0xDC174645320Ac51B0332A7155B788F3a8127d86E 0.03
0x3ea393e9b3d371922977459a0348e19d37f70658 0.06
0xc84e9cc8e92C07FAb67E32135121eA566e871Ec7 0.01
0x26ffd2f4612c1ad35398eb1573eeb47ee6796803 0.01
0x6f9A5E3f1949f2C53c9A4baED41eCB537Fbfd2b3 0.04
0x73A4c6BF2cdd6c9AF1787f78C06eceb80B9D761c 0.08
0xacf2c40abefc97f65000e57bb300d60ee552e833 0.07
0x6427c7ab769B7c1f5b6B7148f0bf59c71Ff2280E 0.08
0x2cAdb3D3c4Dba6362c99795fc754eCc6d108405e 0.08
0x6204C634f06fa6a45e1F0e2a89c752f8450cdfad 0.03
0x8Ad152F8c904889E913436dD92B5999f67944AD1 0.01
0x3813268E33a3C80dF13648299661edaF77a65131 0.07
0x3d4be8671f77d35bcb2ace4e7fc916563cd0f5f5 0.03
0x53A7Ab87431d8F6Cc43270d448BB366b359F49D5 0.07
0xf27E41017CA171DcEFd9a7EB99D56063E2E7F9FE 0.01
0x0fEbd1a57aD887ecEb19b7D5fb4db1e1019f522A 0.01
0xa1694D1e78814Ef98ECca1EC22Cc96D7A1DEd7B1 0.06
0x68d37934d7a6acC570e009ad55c692d14756d9CF 0.09
0x3ce2c3bf5f1ee09c405bab8eaee0c9351c8878cc 0.08
0xaa6f365468244d26a8CF2f602f4F35Dd8e38ae6E 0.05
0x8154709BC5856b102708E228D58dB95E3096362d 0.02
0x70AA05326dB0B3cF86f5ae78E541d900A790cA1b 0.05
0xb2464b38e638e06922a1d7c6fa8146e248255fac 0.07
0x212b415Df0CD519df00c1121747ba089CE69ed57 0.08
0x94A2C58e6d008b352b02739a2De47BC40Fbf5b18 0.03
0xE789756383bAaE1484FA15fE9E4A8C02Bab779Aa 0.02
0x04BbeB4AC35bA17Da230dC98e2a06A23239D0558 0.03
0x34199d6AE4CcC572d869Ee0628d1495936Ec171d 0.01
0x9Dcd3E56F46CBe1dCf0f3101e4ad38526Ea3869b 0.08
0x9bdb26e44485ed830fd0514f7f97698ca3dc3889 0.02
0x5866c98a466c7FF469E36D97DB5Cb1beBf05AC09 0.06
0x9b3202B50ee0D81370c35175371e70EBDdB65a7D 0.03
0xA75854b730Ff1E9DeDcB64C5C423066b5f4bBcB7 0.01
0xe7dd9Fb9E0B904b3d3C2Ff300C821516aD979e82 0.03
0xa40BA2eadc903ffD4EF6C729599DE1e3d5BD7aFb 0.05
0x8d4F25439637F8209f699F471777bbD7aD99facE 0.08
0x29CA29D69faF6039aE89a457069926050Dad23A4 0.06
0xCEC455f620579D335B441967Ce256f60E8DaAed2 0.09
0x47670Dc51638eCFCb19674e2bA8Ea9bFFD079f46 0.03
0x395e089e02aae13bab8f8f6d2c7ef9d6a22d994a 0.02
0x24A36adb930Ec0F16e1bD9A7c21d3D45ec9Bd805 0.01
0x78b45c23107d25e9C41D8DfD5B9B92fF523E48A9 0.07
0x284d77544FA972D9d72e4707E86A3058E6175bC5 0.08
0x978E3C0103bF5F094A0217AD410a7Eb7Cda1Bf56 0.01
0x4396AF8cdB467e99622fF722AeaadEC89ae10d74 0.04
0x2F3e0e8eeeDA5eC4670113f54dB52b250d95ac3B 0.02
0x9C9FE1a4E829BA4B15886BF67F93cb29561DA8C7 0.02
0x5b0Bb49fFE6dea717F425250b58368C509BAE3Ba 0.01
0xF819b543E05E1F5A79d765C6700325ab2853760f 0.04
0x24BfF0248ee6c19532d7aE9A9715242fa342F0f9 0.06
0xB0447Bf7DC06E8E8dA1ff8784D228Ef1a3a0eb7B 0.02
0xda60956A04aaaB510d1969F04A34Efac175A4400 0.09
0x22a904A6f4c66c3De2E0F2CEBF62a85B35D04e3F 0.02
0x31836b20aaae36D37744692cF57cd56B27C98Fc5 0.06
0x2AD58Bc169F317FBC3D8b2cAF503A617454E85Cc 0.01
0xe6a8D3DF896958E1552Ab6331F7355f6E4c41c77 0.06
0xaFa57e115228b57e0b90551c72230D77D6E0dB19 0.08
0x5e276a036e3a46cD4351B05645D833d2A62F20cA 0.01
0x2422FCe2648D9C313AfC4aDb36c8513d56179D68 0.03
0xB6153900cB77588202959bB1609aaFBC8DF7e288 0.02
0x481cbC1F43Fae5EE6D743bD3b5071f961D3d2212 0.08
0x2d470f6A9f2F277e8ef54B4D089CdDE7C7B84351 0.06
0x97BcCd89A5D75957c7CAA331d42d01Da1c61B447 0.04
0xAD682240B441870Ed591F7d5D8309e88319f9Ef0 0.02
0xB1877F5Fd4495a6d0B430b8eCc9F817A78C8EC30 0.03
0xa6d6F3470154D2F60401d1898A7d341d676c0069 0.09
0x0300854db4821c8874B760B50D7286E6db8aEE2B 0.02
0x0e096a6be8274bea7B92d2005791B15c1D608F08 0.09
0x8DE68F4289cbAe3b3B71409AFe4cA3434A7a082d 0.09
0x35499922f3186222e77a44fc94ab7c39a89329f2 0.05
0xA91fe73E5f1270f7da4013D85c453d8322937E57 0.04
0xabAB2eb48b7b9198AA4cCd54916B51ED7417d6bC 0.02
0x43eb90F822A58E03e3048C2C578Dad25024B55E1 0.03
0xe44581EE886e8C8633015EC9a20874983B254200 0.05
0xBC8fF0f24F8967C063367EDBE922c48E4abb2A85 0.07
0xDd09ABc249d09c3E41FaC977209A75d334e96610 0.06
0xdC48c3CD99C39c3aD6F07aB6c52D98Dd1F368F25 0.01
0xc1F2835582a979E3d23241fE707CfEb51009a778 0.04
0x14f24e4040406Fc3C84A47C2DacEC17d43CDA0A5 0.06
0x3549874e5Cc624d3A850a097B602a2512eAe6E43 0.03
0xDb34c891C8038F6D7Dc3d3c24b7500b49165b26A 0.05
0x65c6E85735Fe5Fb8B250949615365b8DD291df77 0.02
0xAc6C5550f950Db940263188F69ED82B73274c6E4 0.06
0xe5B948F75f1cbf4AAb62cC5fD0923614d58DC48E 0.05
0x0C4e2bF056E660d19309Fe8eCaf6cA75029214Ca 0.03
0x220fDf26A9b1EFBF355bBFeAD4a1c9239d6Cc9Fe 0.05
0x98719d75346ede39096294e20776e8e29f36424f 0.08
0x7Cba1948d236c2E4FEaEdB154B1e47CbA99640bE 0.07
0xB346dD3125Fe29F74e7b6f0553f4EeF2a49cDE9A 0.04
0x9d07ed1b5e9546d1A5Da860147fE77319Cd69BE3 0.03
0x3f1c0284C852032262ed15bE72e96a3fD5231EfD 0.03
0xc15d3CA538C12Ad454102d44Bf8E67FDAA25DF9B 0.04
0x5dBCe041047B6609Bba22aC13602d1071A9Ff0eA 0.04
0x188894791D79bEc10cA932Cb8B54E14565e62ae9 0.07
0x23ef2c272d0ECee1098B918c1642608d3df55A3c 0.01
0x29f1d2F05eCA4ec25A321bC6cE7306FcbC407c8E 0.02
0x4029f777E4dbf472A98a4988d1010E11B3D64e60 0.08
0x4087715D31b227938b50B2e5733Bbae791C1fE45 0.09
0x6a50b0Fa8C6146753c458Db2cE0F87CBf9C605e5 0.05
0x30f9Be241b93d46D4A83dE6114925889D25CBbAD 0.01
0xb381a517EC1219366ac9F5A9e0aBc7f5c26347B0 0.05
0x8b369ad14E35c0BEedd3a108c8080e0Fd2E0ce93 0.04
0x9E9314071bE756B708A29AAF9652232fdFEBe33a 0.03
0x94748EFB74EdCaf195aA48e604D02C4dd4044f57 0.08
0xB1a4e940B45994A8E0e87876Ea50c273AAF0a6D3 0.05
0x3158b4cCf576869F913BaB60a39e51Cce25E3A1c 0.02
0x761C649Fa3F783221a7e9198Be5b51aeFB1D8cc4 0.09
0x0a87fB6F51baA8f797e0102636195FF6e8596dC9 0.03
0x5348bf29d63d39A2B2583D8a1DEf3cF058b19D1e 0.07
0x641E5B5F9Ab55dE6F4BB928b7c7a947123C3f9e2 0.09
0xc359655bed504d73a9C915A94e206c639a979660 0.08
0x54eb3456E7857B33D4f6ABD0209bFd3855900cbc 0.08
0x08b335B1Cc2c91448a5C4E67d958CB3ae32B271e 0.08
0x3559Cb34eC4df187B9bd81ab61f7aF9448562eF2 0.07
0xCa63e39F9B6A05F97a221A534912cC387C2c7159 0.05
0xDA69fd4931A86e6151fA18346f677ebD9A46ddA4 0.09
0x746477bB8b0B5084DEc381eC66a37300201b31bE 0.04
0xdD8d9d47B4D646cCc4F25957CC23C705865E9147 0.09
0x470f47D97b4B8C4772dB4799bE058a9d60EBd3a7 0.01
0x499877C8ca1344e0592794a440569810f7ceB319 0.09
0xF17166D379F73221a23249Ff05A867C41A97Be32 0.03
0x71F7410441ab1878aE68ec994EE418e921c64Ef3 0.05
0x10C5676e8b2fF67077B2960a7C41828B5E0C14CE 0.05
0x43d7bd181c312eD379c5bfD0e32F3dD2E61cf294 0.02
0x192e6D9b1C7948E2fA77D38d94c25Ff085044497 0.02
0x3a401C6f63497B062bEa5B2C2b6056dC6ebd6976 0.01
0xb599189AbBfD401CC8a2c63EbCD1D8A4CFaB69a4 0.03
0xB067864FC1757D0D4A5E42b4167077a8aC96595e 0.06
0xc9A057bE931a3E82dE58757E91aAACa86fDaD9c8 0.09
0xd9eBaA5fd1aF88b53D1b231fDffF77aD340CD5fB 0.01
0xb9247A1BddEF300aE9b169cf27f34619EE8e52C8 0.04
0x3A626a67bC93B405FE1491B38ed6De842de545b6 0.02
0x135b20BdF3283A99f0E6c818915190b884638E32 0.09
0x3543334459cAAc8C94098d5DcAff2D3C57237AC6 0.01
0x5f7535fAa76a5F5CA8962575DDAA02a008ea10A4 0.06
0xc14Ab5B3d50fA0e9402c02fA038D11FC9d94B418 0.02
0x79d538F7E703ae1cFF7f3108f65072CF20F2a1AC 0.05
0x5746388d70e09189B228E6E5fee8DD53CA181A95 0.09
0x8634CEb9c451Ac4De74A3F019EDB4D307FAc1CA3 0.09
0x7bA3314eE2d9dAab7FfEFc8d9B62859C3669eD39 0.08
0x1805ADA438A9C4f674F70D37E09553AcCF17908c 0.07
0x0e1b2adba138C4F379C66B5e583760DDA0E177f6 0.01
0x2e2abe2E9Ef10b0AbC43902560de7Bdb30B74692 0.05
0xf70fe5cdBa815470c06239817F231f3dd337dD01 0.04
0x1dB8D7De9A56482C26862e73975067baE2b7020f 0.02
0x7C8F1782F285885b868Cf56cede946153065d6b0 0.02
0x539D1CB4Bceb87741a5928e61A976517859bA4ec 0.01
0x5eaa32d556B15a9e9F00FecEa779080F1D69A653 0.03
0x7B4Acb454e9C5213514350BC46CA05617FaC3278 0.04
0x8F7d3130E6b8a45eD1BBfDbbA4F837e57807E6d6 0.05
0x3D413E0eAAdAF002F02E14e069ce69aDc16e0d2C 0.06
0x1ef2121978eDc8C0AD4bAD7050Ff92d2C66D57fe 0.01
0x42D8B4B03314E5BD04CD6CDD71E1bD27584AdEc3 0.03
0xcaD963c54A2246Ea8D67ca7A988984317bc11Ef5 0.09
0x2Da7B260234FcB7f1f81Ca088793410940d01033 0.01
0x921C071D0E01E7BbAD1B95b5c1F8Ed1E1811Ada5 0.07
0x95f20265650814dA766Ba9ABB12149c0afc370fc 0.01
0xD676B63b66C9F671FCcBD1f894bcb0D2C62DC7b2 0.01
0x2Ef15CB754456a340D00970DF432fd5ae39c01Fb 0.09
0x5e9D714e0b02415474c73E09E8d9a6fB59681254 0.04
0x41fD520eAfA6Da8b491b5012222E900c61147d7F 0.07
0x75905E5096841097dA3F705b1b15CadF9F4C8544 0.08
0x5C6a89efA9f0e684c0f0CAB80ea4F0CD3633cBC3 0.03
0x82B9e0Acdd1e5cF398a48276c7538e3299a402a3 0.09
0x83114191fA710Ba0dfC6ec20A2d65723A237884B 0.09
0x5CEBFE6534Ce1Bf56F236dEEc15BEC1E2ec959a5 0.09
0xDBF0aFCC3e6b1EdFbF3B75799338D7AEA2633f77 0.06
0x2A644D51d420282EDA82749756398510d1Fb737A 0.02
0x9376CA39D0950D7Ed10e5528553a5F0c310f6242 0.03
0xfbE1e96F4a3966F9Aca3bb1a6aF1edBFc5871b71 0.03
0x7b0028049BEB4bC4B569ed0F10213B6f61CEb0Db 0.02
0xBEaf8E5037b3eEfE207CfFDE59f1cC4D585940a4 0.01
0xEA055Da7Efe111CC0458E2a35c4E54Ad77704706 0.01
0xb94c8468eEE3d6A10e1942a3F15Fe96336B568Cf 0.01
0xBEbb08036553F1dCf92AE4B16bCe4a8D6B45a00d 0.05
0x231D15bBAE1F46647B0A9314fcB6A72e7B512aF6 0.06
0xF346faFaD2c142c59ec95Ae85009D9FB17F0a9BB 0.03
0x7039D48c13fD2CaCb6a03FA1B353901eF2c64939 0.01
0xe1adCe0e96Bf82Aa8B419e9f2eAB64AB0a403151 0.06
0x2A8a64AbC0B00a6Ff8AED071FF7Ce0F1f6c159cb 0.05
0x36E120BA35bCad2042632e010F3fC9c2111a1D42 0.01
0x3F39A8483d16373b44b618e8A6Cee02b3b502D27 0.01
0x3900da283e5159875d5C6F49D99dBe2bC02972b1 0.04
0x6415630493b467eAEc5B4FCB76f1204705D98064 0.08
0x95bBfF4017958C97411BEe99369b23B07EC6c716 0.05
0x49836ce98522e9365dF5fC98412C37240968Aac4 0.01
0x8f2a01A90aE59759248cAdCe21505474ac564Eb3 0.01
0x32FE62C16f91273F7E295d92B67AAD8AAB934CfC 0.09
0x6BA29EdF9c3b684a9B65fCFCE94d98df0e4D2692 0.07
0x7b617d2e977e1349aA9C96416725fE7b2E220c45 0.09
0xd324AD1Eb189BB6F90877eA196932967331aA99c 0.03
0x8488636d2BBd24f10573D7254E5d2Df9f43b1f71 0.06
0x7Fae24247003a0fC3730356b98790D6aAbBaF012 0.07
0x2F8ab4f0E64f2C108fCC0739c6bd8414e03Ef32E 0.01
0x936530a62Fef8337F7eF12f9D2Df6a0847Af36D8 0.05
0x2aa31856193d8b9ec52d5c1ec886f393d2bb7ea4 0.01
0x247A0Da19e30ea4C370A88146Ddf763eb2a398AC 0.06
0x0536f07F7E6CD5a2E69616b0BC344360C0206906 0.03
0xa12095A770a7A43078eD3825805Ee267c0161d14 0.07
0x27b07A09401D4DBCAC2339761671dF19689fb3e9 0.06
0x926e01D5363B36DF5fb260F928E157efF99B407a 0.08
0xA72b9561b4039d571b92fB21d92f9fAa2a5ce0aD 0.02
0xf441A80f2B7ABF5890e02cCbF45E4189A6a4cf13 0.06
0x3fd0e190D3676428ad0f695cd3D56dBB036719a8 0.04
0x6c28A9B82a4bB255CD08EE2972123F572a61E2a7 0.05
0xDA98E697ee20aad3CA1FC1012be4a72c435bF9b5 0.05
0x0F54a059BCCFc593D5ea2821d606F1Bf3Fba514a 0.09
0x4Afd4C1144dE65d9Ae538fA11b77A9a1e5B2e553 0.05
0x77bDeb26a6b6c37bB67B4cb5DE8a55114D9E44F8 0.04
0xf3dF8a28E59F57Dd6126c5B9056dB2f6ea20c7E8 0.03
0x7Fb2B175F96aE6DbE1b1d3545E26311Ec388e89C 0.03
0x5cED2EF6fb877053E82bBa4C1e7e2520098C3657 0.02
0xc5729854A12B7D6d98457bCFd1B0685ba9992B11 0.07
0x5A34800d1e949415CdEd60eBC94C564aA2De439F 0.04
0xC3675D817294d2423f10ca7B4c55FAC06ABeA0BA 0.03
0x6eA0992201EA68B1FC9bFF4cEC638fa58655a049 0.01
0xD6ee7D0B238d86b768237F4DB1c7573a8E47D59b 0.03
0x7885971B54D28B0dAAde470D53e1713b2D260dEe 0.03
0x96405E7e6402f639F2FC50524096207D0D31982a 0.05
0x62ac28c3522A294bAEfd297bc384018C87A47361 0.01
0xEeF6fF4e606Cb07B21429161cD96650860269723 0.06
0x98d3dC598B545A1c2AdF41f242E45bbA37F320fc 0.04
0xCd9073c3E8d1361C86b10b8A4538901276977e8B 0.01
0xDA4af91D6323651DE1ec5b41D162294f50fCCfe7 0.04
0xdfbB0dDAD6DEB1C9e0396408076A13aE69643416 0.09
0xCF73EAD9f4E27841114fb51Bd87b94f4BF4f4763 0.07
0xB4DF8a8761Ad886Cc91F25cb4e99FC0C575473Fa 0.05
0x67D55f9E5975c592f1E90502364093a231F59EeC 0.02
0x8CF9F36982cc1186865539Fe3dA417a6Fa672752 0.02
0xAE3f8ca3396eb9daa786606612E7E7aDF6799aEe 0.05
0xBD6aD49048a05e9718886BeB74dAe5F2E4dc6f86 0.07
0xF30CB634696adA4c9700150a55f053F0E3e29f0c 0.08
0x0936E26d8fAE608f383815D35b53841fc7430F8b 0.01
0x0DBEe605ed5A842a9046c180d08D29bb45c58C60 0.01
0xE52E5C634e118D46f4B31d53D2E44c650D6313eB 0.07
0xBDA4e55747E7FA27f174eE56bd8cCc5778feAE5D 0.08
0x93BA04a04F5d6CcDF5fF0ec0042E1bA4D1510C06 0.05
0x7542196564480F0F7fc1C6a40b8191175A616A6B 0.05
0x594933BfBAFC8e009FbaD896C912AaC7C2DBc2b6 0.04
0x88FbdbB2e41294327d60731827CC274d1C736811 0.05
0x205b48F6A2cBd19298C6c861010586b4e8C610d0 0.01
0x0f6279aBA79b254751F1c89C6b9CD2Ee9f861CAA 0.04
0x867c573B632e6c5C1C003e4EfBaa1eb100c0cfa8 0.03
0x109210dFB03ee09b0952991c49BD465a5Dd21172 0.02
0xB8aEA4A5abe3aCF71Ba07e03848292B40d84e0f7 0.08
0x47323B1a138BF4Cec356843f9Ad69Dde97FDc6B5 0.04
0xC722adD7846B05c77Ab5D3B0eC11DA80d9e7c0E5 0.02
0x9dfD908df4e0D6F3fA0Ea010C786D694BBd97381 0.07
0xe11A22486008977dEeceeC2623382821aC3EF313 0.02
0x47eAC2e1087a8faa194b72C62349D1A4910E382c 0.05
0x226edB7f297C6a402daa1F2420C07E7d89B682e6 0.03
0x6AE7705C4Bc53253F5185d0e0382219642285FC5 0.03
0xbEd7cD69B9D5FFe1DDd1a131665817ecf4392a26 0.05
0xfb650E4C987752f626343FC8A7B7E98BFa576988 0.02
0x584F4CFD2c23889Ba2983e3A2B598836D7F87B62 0.08
0xC66D5fb4E5Bfc9Bc881335301951148fa05983f2 0.02
0x9730285FF8A7BE58bDF5Ed98a3E91e812ad94e42 0.04
0x9dbBeFB2232A45E9d6D72153814e4d21d5E9A9E2 0.04
0xEEa2f1F7c5FdEb94E098d54f1eD887Cb20c701a0 0.09
0x2EDC42055AE991b3Fe99be54e7376C41C04f6791 0.09
0x52e32B18be90027DB45c972FBA1622E904A68212 0.06
0x9723124ACF7e38D2d3Ab79581276E6F86074C192 0.04
0x1035E6bE87338923D3346aC6A8C8705d3f26892f 0.08
0xD7334e7Fb578Df6090a579481C7a92563fD8718f 0.01
0xb8d46769ffa31ae36345d088dfdc86b835e1e679 0.08
0x84C046adC8E85a6e3712CcB4Fb1c070Dc92052A7 0.01
0xC12f3B7DeF66314bE634d38372748D770678263D 0.09
0x6aEBd0E96615366b5Ab5796BfD09F651940EB150 0.06
0x962A82B1f6ce57C7ec62B0F17F7cAF3638406C40 0.04
0x6e909996f6768A59Aa8Abc8924c4CE432d6AA710 0.02
0x6ffD14A028a208bB2a1f98762c1592895Aab4b40 0.05
0x8070700B8F794943A0eeF12B362ae34590a5EEc1 0.06
0x683EEb6F41AD05AbD7d1D2860d28C21a941c2717 0.04
0x8719f189E6a88753d727a3fbcED0dE10F839Bc9e 0.08
0x0781e9d1FFfC8a335AF0bCbbB4AD51288b397967 0.03
0xFC45B45A59F37BE4e5259Fc8F37Ee2149bAfeEC7 0.09
0x2A6CD30d8A49aaca8221AbDB97c34cBcF792f604 0.06
0x320a283a04d762950abfad73476c1a161720f55b 0.03
0x76747a14C414D65FeA3836C06eA3D4d4Bc2E657b 0.04
0xc73A895fC066d44235A8cc80150C6c2CBd0d1471 0.08
0xfB4DC272682942205172290446D3F042C35F1282 0.09
0x147DFbb1Bf762c9d7586EEe9A6F4B18B44f0da6e 0.09
0x66453cfA7477809D0d5f2c2aAafD56FeCE816868 0.03
0xB636B5bF9DA08c6085AE9579Cf21dF659642774b 0.01
0xeE03935694eC6507809BB74747f6d2aEf4c8AA24 0.07
0x3531B7CdEEBc59Aa38A5f3271fFa300ffc2f1B3f 0.05
0x72fBd24BbD4AEB57E7aA96802C2a8fdd0eB114df 0.01
0x242c183c94c18f7f7ad4a049ccb92d68b63694e8 0.02
0x1B7Aa98f95Cb765A5Edde4621F39040c35596DDA 0.03
0x4378740b27B21239c224524A9B0e3CFa790622CA 0.01
0x27656b59fBCE75532c310578A696c956C244fB59 0.07
0x6399d2D4d4629e722284a88e47CDb947Def25f3F 0.09
0xC87acE762a8f2Ca4E9Adc640F1ad066B366E90B9 0.06
0xdb47b9d378e0d31bc5d798a24e74b174da6312d6 0.07
0xbae8F655a2A2886Ae180feBb58df20239Ddb89AF 0.03
0xDB2D5454C20748C3a623cF8481309171450fd855 0.05
0xC6132a82941Df0dE82A270c7C483CeC052542FDc 0.09
0xA870c9fa000ddE7CfE3A9c15D051F11E17dce6f3 0.06
0xaE3c55305017f94D2869E61182db4aeB984e32a0 0.07
0xDB8CF16469B50BCc686de594cc0e5CDD9dE04AC4 0.08
0x5e706baBc858140cDfd4C8F93F4bc7DF3FC97124 0.03
0xc389a11562023E61D0A2081B791d029277d659F9 0.08
0x01e17806E7B88D4eD1cE38ab917Fc8FD4A1FB235 0.07
0xC32BBDe8a7607A87016f8A853080E791A1d8D8A9 0.03
0xAE5fFdd0f54B1F67aBB181F68FCBaE97cbe1643C 0.01
0x28D858647Ea13cB5C93f14730A334705e0D12301 0.02
0x0366033431a39d9a95d5160741815Deee9f1945C 0.08
0xa0aC12E5EA4a3f13b7A1fCF123c03d263c0C50bc 0.01
0x0506c81Ec39E8Bc4950DC4D3c40FCD1cd5CeC1F4 0.04
0x04c9799D359d4E7b567302Ac41581a5D907645Ac 0.03
0xC26af435Bf3d1De86D4bFeb1E1D6234FF5ec4909 0.05
0xB7162D9b945086537C028cc43a94040A884305CE 0.09
0x62b3E1518f9660aE8F9F6f1f4669efdF98C2a61D 0.05
0x5fA1F3ac848c1bBD16dD9438643d0E0A5B697653 0.09
0x60de6729EBc5f2D7343F712F99417E7D431ef359 0.08
0xE7E75857a4896f34624E3447Cb4F1DCf9d9aa76D 0.06
0xFd3Ac0A7FEe1E0B4ce38a68Bd6e0B4acEb0E7B21 0.07
0xf96f2Fa7060Cea6C44a9E2B8ffF4464ab7B9079b 0.04
0xDdFC7Ce25fB725666c52408e3879180f879d4733 0.01
0xac67b849f757F9aD522d558334f9416421dc2c03 0.08
0xc3faA92168bBC2C586490a4b259BEf3BB0eF3BcB 0.06
0x3Cad07B55A18AAe4B99f610Da1C431147d38550B 0.07
0xC3153413C63f30738fA28478E671bD083D3f2A91 0.06
0x8866B75B82f4c511a7b02327cEf40a934f4f33c4 0.03
0xc9FD54406A947a4c2343333ff76C39ED8aB2131a 0.02
0xB4Cbee0976B4F69a08686D657be2Eb12b9BD7Fe8 0.08
0x1C31a9EEd8dDCE20680A383B3C9996e5651Af7fE 0.04
0x9a65442a36a39AB7E1A7018d37D121657c102394 0.04
0xcC24b056Dc475372D911a79Ae770b24cAa9e044b 0.03
0xDBBD1F0eCCEb7ce27D904850643F99085e3314B3 0.09
0xB6a101a1A827141deb9090C2fAE24d62a8aCc6c1 0.02
0x0ACbb1FAC7D30Cef3eB094D6CEaD4D7D3B80B169 0.04
0x8f1eF133383d28C1Cd19F628d10A00401c38a64c 0.04
0x660b7fB3b299f6c0D7FDBCCb7c495C50313df611 0.06
0x4D46e4e798Fd789a987F3b968f776f4b0a9C2005 0.02
0xa957e6475fA81Fcd130808418e519C3A9c1d5064 0.05
0xd8a59Cba2F0Fae81a41353E74a3A504d0a8a2ff1 0.07
0x3e7003AD786cC50779ddD8A7B8cBFbB27462b59C 0.05
0xd730fd9a519b047C66e8CAD2207C7337Cb48a734 0.04
0xb01232fEf3F077F1D76be74306931131066F4Efa 0.06
0xf668C09542f96bCaF3d604Ec7556a2c312C3d7A6 0.03
0xDe9517A4780e8bc9d359D21364A6B1094D687086 0.07
0x1d20d21B101EB07e7850CBc846303cc101370a84 0.03
0x55185c6d593113E32420150afeCc5Dc48F642CF2 0.04
0x7841A1F0ec2Ea5346Cd9Dde23F9AA8505cdA7948 0.05
0x318b8C52306c93FE49a71ef894a50576021c0479 0.08
0xfC4a7939a9B9DD02A0d791638Ea3a0036700Ed65 0.07
0xE531b5F934377F9cD22bb33185c31aB930c44206 0.02
0x0b7b61911Ab98927db91CF1837636Da45E10295B 0.05
0x7AF5f0149C887FC97b842B00DECa9a4063003811 0.03
0x4EE509d5Bc7626911baF270EA65c7E8a4e8BAF2E 0.05
0xDE63285EBA76e55Daf203041eaB04C2DfBf3c03C 0.05
0xf888f8a9E32bd110f1dBB215C63d1Aa6c7219a30 0.07
0x572434BB42AE57Bf664fbebA668f0D9d3eDF977e 0.06
0x1cEbCFB0096fE27C3Fd240E78af039eab81C2d2e 0.07
0x781AeaA6914F37B56A5bf94210D4e0ce5251A254 0.05
0xF8809eEc93533516a4b515F0550e40Cd25813e62 0.04
0x8baE432A1fF684fF78e787f390894821CF82Ff75 0.07
0xF0f712f8bD679A41A2aE32380Bc8591fB45Bc728 0.01
0xe0664e1fA41669FBC0F2ED56A4529da383D1e981 0.05
0x3c624F319e1CcD1Ff7c87ed11990849BEe15aa5A 0.06
0x2A6BfA99c1D02F0b22Fe46a09E3f80A8ae967279 0.04
0xfABb2c16eEFb07A4D27BcD62c4640612B4302072 0.02
0xeB64457db7632eD4461a929D87df803c79cAfc22 0.08
0xBFC41558965D7D427E32A4b6B546E7052bDcbb39 0.06
0x723D56Ee15177a5EC1F7Ec283298a2F320F4759a 0.01
0x33F6Bfc79EcBCF224DbEd0fD127E516069686BfF 0.07
0x14Fbe072ADcd2E3CBBA5402F8d78AA22ea11dE86 0.02
0xb083641e41A5BCeB3B424b7e560f45a7971b5A35 0.08
0xe4d41462CB3db91E72E049f376ff9E0F08d564c4 0.02
0xB5986860b436aa00FE40ef0c77E8081990bf0fD1 0.02
0x2BAB54488CB066b7031b41A8CF0877AbC8d7FFaD 0.05
0xA9A4Ad1D78942d99ED5C2A5BD509e74BBc44c303 0.05
0xB4ac3866c65CeDD50280b90238362C287c6ebCb8 0.07
0x7dB2A4E2063F824B40EE1956baB1e0CFB179fd4e 0.01
0x2d4F304B2f7fF01Ce0AD0F3FC26980e16389E217 0.09
0xc514bb089e80eed8673e3f9e0e32ca973e2b1677 0.02
0x7Bdf87E7399CCc838218bc3131AbE043639a7834 0.02
0xD3E8e61ca98Fb0f467F059936815e76190D7f3dC 0.05
0x762Fa80358C1a32fE35CF49f3671d5D48d3763b1 0.09
0xe7447A3EfBb1A0BdcaF2E01d57338D9bE59DaaEF 0.01
0xF6Dba634e577F9352c138058523F80884C3F6ec3 0.09
0xb3C978318BcC2228825aFeF03703e7B04a7E10ed 0.06
0xd2130ef5e0fbED8Da3938BfAFbd21B631E8Aa1F3 0.05
0x55309c7E466db2764872d728871DBc115cCd9cF1 0.07
0x3e38E0954a6668c14e12Dd2A4f50aB7ff7A8006C 0.02
0x40e57ad5a7F56707CcBF05edc46fBc97DA4FaE99 0.01
0x6a936E4e16CCd80d54913D1230706f6067fe230A 0.07
0x953E772DFbB13154E5B691fa5d278579f2aEb401 0.01
0xB98d4d5B903f222941BDEf2D3CdA5d8f09059053 0.03
0x614a3c168c734AF6CEA35db1DC49C368602f922D 0.09
0xFF44875D21C4f06070584b418686838D3D5A68d9 0.03
0xba7bf59d8fd7ca8f89ced7aa1c295a21d99421a2 0.03
0xfb340d8507fB1A36bb293b11af69f700744d3D4E 0.04
0x233362c2019E6a120676711517d21bFD56960e99 0.04
0x3cE9e3891cE763C14310Ab1D21301352429a5C5C 0.09
0x95CA4ADC6b453C0dEde580AF217dED41dA403F9d 0.03
0x33080D3d067778DDd2ee3bB8e5969b74cB4269f6 0.06
0xE98b7Bf9C9856aA296d55c0F7454cb6c34BC2158 0.01
0x59F24a149243c23F37273B2F8022DAbE292288Ef 0.03
0x58AE69C37f920A6A92346Eb579f0040a5F80C825 0.06
0xe6aB92C4925E3396129327ca505583Bf21F8f465 0.01
0xB11de08d080D77AA879f6e1795228bcDA0cB8346 0.09
0xcD0356800f94E0e9f6Db68f6D01B882F8CD6FcA3 0.04
0xe1007780DF8cB88C819cF6f6D2FDff0654C3A97f 0.02
0x667756a4b746bc2E50d61A22ca00BcBE1126C321 0.03
0xfDf1d8DD48cA82458e60feFE3873C3D650c77aE1 0.03
0xEDd219663AD7F7903244CcbF9D97F3316C857baf 0.08
0xCbBea92255fC4f2a3168366dDf066975ffAAD439 0.02
0x54F899B75B065f1c5cf2da5e873Db80DD8735e16 0.04
0x548e076ca0690265315bE6303D782096eB75FBD6 0.03
0x4963b529Ce8Da4390865D0FA8B4172143a877B2d 0.03
0xF3a3578309a5081f96BfE7e553955F110d3aB1E5 0.02
0xc9a43C9AC7bc61632F4D973bE6CcA52C34ce54E9 0.09
0x964a7DA55Afc35fCB49b36382ed0A6356CF23536 0.06
0x9Ea6a26E258D5f04FaBDEA2E3f5Dc075b6de6F11 0.05
0x314FfE9C49Ea93Fa5f5521886c12B61c5A19804C 0.09
0x485D0C426930AAD29199302c6701bAE63b4B009C 0.07
0x4Ff77870Ad450C3D3187D257c33f1E6596b1e25c 0.07
0x124beca5234d8c0d5278ab3baee6d426f0f3968b 0.09
0x6BE8fdeA62Ae39585aFAAC5843420A7e06008B96 0.02
0x98dc40d3815A7ABa7DB072625B0fBE94581Cb00e 0.02
0x61bFB89E8A642519EDE573C8fAcBa89C2cB816E1 0.04
0x0434648f4dADCB4f15Cf753D07b9fb7d76f628AA 0.04
0x10D2b20E7c21ECB5BD3EE539aF723C8A1E7F26D4 0.03
0x8109cAdecc4C59729bf1619e5A083fa78500c3A3 0.07
0xA09b47ac926499a3857F2C4843f35D1cAFa85701 0.06
0x465CfbCe52eF6Ba9d2582CF650b8c9416d4D3Ecf 0.05
0x76591828C2B19f84c4d882a672c0ec0dd7b09301 0.04
0x65d7c8F820bF174261DCCFb39A4A730F51Cbe150 0.05
0xfdE0E2dEC44f189DBd413299deBb8d223e25dAf8 0.06
0x46a09bd5d9DE4252b2C1978Ed0b360148027aa31 0.06
0x80262A09370b4D933BD6F30f46a1B20Bb96cCafA 0.03
0x3b09e0cc8709256c1cfD0866400aaE6FF5B94090 0.08
0xb6E9d296dE0B70e4E57d73e9FBabB6441c7573Dc 0.01
0xa09b8a829D859bC51cb275d4148026C1Ef50eE8e 0.03
0xd1a694B19D39cca8d916064062AaB4303Da9A70c 0.04
0xbC4a54914fA42424b28a925e1D7e33347E22abb4 0.04
0xa1A5a920299cEA0E7374C1E2d7451c83012de790 0.08
0x7B195aFf3b314Fc8A05f974f56803E1BF921EceB 0.07
0xe527eA4800b9D8910Ff63750b8d28b582EfEAde8 0.07
0xfb31c0820babc35af03fcc3d1228e711fa2c06d6 0.04
0x6Bc6BDF3f7857ed969f5eA6dfD3D369a597e89dd 0.08
0xcCA7efF9dF690FbBdF4dC9E9dA944dC88DAF6C12 0.09
0xa4c53000b5dCbbB146Da07d9b40746a390298252 0.04
0x3c1334Ef5eFf63a64202b0f9943cC9E01C0F9Fc4 0.03
0xF44E1a151e90696F7c82A0b16580BBb441EB2c14 0.06
0xCb1F2812b33a6DC953EfF9910398F8917C6C7EEd 0.02
0xCe484c8a196B0f4Ca11fA9489985605b64C1d9b6 0.01
0xbcB951280559AaEf0d9104Ae27e880C8C3FcE0b4 0.03
0xB1B9100dd1311F0917c980eB788befD8B604AE7F 0.06
0xDa428eFa372be4FDa77C1FFf28A407F306db7A88 0.01
0x8c0C6E660FFEF52Ec5f0355da6cC88c6E53A2274 0.04
0xDA27ba727D60109E663b8A7426fEF0652bFD17e1 0.08
0x3F62CF2bE616f58Ef790226e00e327ce618877e2 0.09
0xd240512c356722fCF11Def643Cd1f308f604a5E8 0.02
0x236785d406dc2e99d06abea98031a1dc01d92696 0.03
0xe8F557840Ee15476499E67F6aAdF513d316B4B10 0.07
0xe63a5d5254222C6E1dC316c80060333d9B83d23E 0.08
0xF74f472994Ed439A1DeF24b4a9f92D9cee80ED0d 0.03
0x0aDe1dDb8438DD30600341892f5A586D02c17061 0.03
0xe63C990C3c55FdC9Ba72E185088B8D39161bc88D 0.01
0xfC594c890356f412Ea45b52626eE6cCAC5d63523 0.04
0x676b2f000c7cDb1b722dfC7f07E69586B8Db9194 0.03
0xB74DF3Ac06454E4417e9dD9eFF3DB5f0639b6639 0.08
0x1A94b9DEafc9b5F4fb8301D72AA4cEE49Fc2a3a1 0.07
0xa289de98a517f274df88669c68691d817ac50479 0.06
0xe3583E5f26F11385CFB33f4Bf91BEe27A9B464dA 0.05
0xb3F8f251A09D6BE3eB9987A788c133C231D64eD8 0.09
0x9a37e06D9D395986Bf8522468018659e3F92C71d 0.05
0x6810A677f1D6A0a0e887403fCa08969C4a273860 0.07
0xcA314DD5c7D7EFE0e65b59d5d16388A5Ef7F2351 0.09
0xF869C54b8b7352d2549B7D7041AA9A04E9615ea3 0.07
0xd698B5C57e742A61A560daD4E1ca60BAAd0F7b22 0.03
0x5c723882146D8861dD52D9564E0372944a7F0165 0.08
0xFeFfc2A2F8da0E21F4118d0dbE98d14f57F419b5 0.08
0x0f26268eb6579cb28d72491d522d5db2fe9ea6f3 0.09
0xB999B9Ebc60922Bb1833e50f0dA0A08842995730 0.03
0xa5eF6F37460e2416DE7d10ed1e7Fc65C71Eac434 0.07
0x762997DC48Cae1680B00528ff09897650A1A96C5 0.06
0x22b331004F58562e80e9dc5E0Ae8875a7Ca301b7 0.04
0xfd14cF6b363b2EfaeFa343AF230916196F70C1FF 0.01
0x3F23f62D93B46C49150B1A916b64941fDcbbA53E 0.02
0x15bC977Bf4342EC57fBfAaDF7936a306dc4237E6 0.02
0xE3a3ac7C7Fcd806031bc9fE0d7eD063B184832ef 0.09
0xEE17acDed08b4D2482548512D7c2bE24552a46b0 0.02
0xD3E4799A12a0F56f2D0f01dF59984b7e3db832Ae 0.06
0x265287AbC400f53e816191Fb17e4A4F14Bbc3768 0.09
0x93bE7e78c27F5cf0C4e65ab9C4E05296207DBdd5 0.07
0x516dC0e8D650aAb290a29187f1dA91d202fEa57a 0.04
0xb811bE2131d489a1e3A086318783647650de2Dc5 0.01
0x3e92B49e5a1245060cB331aE2A08B5E3AA047073 0.01
0xadbFcDbe77168dF0E7B640C92a1e37AC5E262270 0.03
0xC85BEe53bb2Cc92061eC3b30304F6A6AaB8a6d45 0.02
0x35fd5371E5F42508548543004d0D92F75D6c8f74 0.06
0x989f08c9856c2875455E634463400240fdd6869d 0.05
0x44B43c88e9CbCeF08651B7A304d72fe1A37D0100 0.02
0x3D9A2a401Be20625b7ab99769DB1a4B2E58Aa792 0.06
0xD92E69d8D4072A9bA15955C9af11F3a5237d6441 0.03
0x1A40c2902Ec18BE07Fb797999b65c7ACD2701E4c 0.06
0xF5eeEfc10AefeAb3316646B0aEeC29947072A8d5 0.04
0x18c09F52389AE68b2CC70A0869a520AEdf8644e5 0.07
0x2bbC6eAbFDec408CF008de9E5C6ae59cbB99da27 0.08
0x0ead4797dcbe3e92939e3f2a9cf63db5b0338887 0.05
0xe15A87350018BF737860505F8caFeDAE28D0c98A 0.06
0xb8C57AbCB994A0C381DEA8cAF9d497EE308f18bb 0.04
0xfCD715CE534624387E541dE251ceDF89dbc1b98a 0.04
0x91D79E6bb907D666466160Fd078827706D02FcD8 0.03
0xBFCbc28E1cDfBf99c3C95aCc9A653d7BCA657442 0.05
0x5eE586a15316cB019f93a1eAe04A8613FE58b02a 0.02
0x293A9c99eAEcCD7637Ec4E8B3001283A8b67A179 0.06
0x8CEC17d7C25eb9843111FEA0206B80d6d34f36A6 0.01
0x69E8114eBCE4f2ffb0550c8758D074bF88A82fF6 0.08
0x8b8E2a80a6ddEC4a8FF99b2d1533f60793684B65 0.03
0xF055f4D727740Da06A140adC4A808545Eea762e2 0.01
0x5a9Dca34FC9A20C8c790248CEBb02E080339295e 0.03
0x3372Cbb15275D6061ba1A65980063C6B5d93BF14 0.06
0x24760A7673Fd243E0c82741343F6c48fE6Ef4bA3 0.05
0x909C3153ebDC2225e030A75f3aBff1301161E715 0.03
0xa2c1AeEcff26238b7B31F4D50d0419dA1dcCA634 0.06
0xC38C90C789110D804C8DE9177818B73b1d7885e1 0.05
0xCbAA6000Ca239aa568d907F19a00F4BAdB41B78B 0.03
0xEe45fD5ad8A2e18e370782B1FaF145498290AB4B 0.02
0xa578DA46865911e3D2f7Cf9704Ab58D80bce8E8b 0.03
0x7D0717Bf79419F25B1De1584ab0d9F391D5AD999 0.01
0xD975EB917cBCd2e2989dfe4Aa16cd89B0B8a3953 0.02
0xf87396E409F19182F7FC68F96Ff229DD4f36c4DD 0.02
0xe160097dC375a694C4904d267b2Ab9bBC9715fe3 0.07
0xa1476448bf979E33A4DA9Fc8740821afE0F3bf11 0.06
0xC5aEeE98C6091B06e59920Bc9d1102393dFdd995 0.09
0x2C86Ff08d4fb8eAf0F772D03bC16A71dB6c4ee98 0.07
0x8842Ac595b1d77CDA0d1867caeF6154B677B2f7F 0.08
0x22257e73Dc7D9804401266Ee82736d7734F9FFda 0.07
0x791A42a75C066bA991C05474c751C4217cE5Fd30 0.04
0x4529E5ED3B5a923C4299D60e37Fd5118e151b384 0.09
0xF89f6E453A389FbB218F579F620bA8236D3cF94C 0.04
0x0A0e52d71E060AD74D93018da8EAeA7302cCd0c2 0.09
0x3a4Ae9841FE1cf9b379bC0Ed65887386Ab41a9C4 0.07
0xB26774A4f3Ff1810ad6dAdaD9b33D1F949871787 0.01
0xb14b746E8F7a1a484F0F74dBe6C13AaC60CE4F2D 0.09
0x2602Eea97c661C3B35c3F50e78141fe9938D50A4 0.05
0x7a1ed33e045D377F375848274994419Adec5d8dC 0.08
0xd2Df7A8d2a00B664D82ACe62801c57223DacB561 0.01
0x058ea3ea65fc184d5b44f7fbaf4a3994309f19f5 0.05
0xf47e2C6F7c2c518b41255A2a27e62A08051e0ce2 0.07
0x7569C54613099f66Bb1df4F0F8337e02a78c5dAe 0.03
0x7c826c3848FBA8d5138B1eB6f3FDA62FE9700D53 0.05
0xd6355B3D43Af9be44DfC30Dc425aC4e5c2A113F4 0.08
0xDa957D7c76ae4a73B2c4afDBA0D95C23902E395f 0.08
0xC74a4C186E92C8aCcbBB46380729f4Eb1Ae2fE44 0.03
0xC6CC818538eFA91340F8da44C8FD4C58C509c483 0.01
0x3c0F2F08fc2E6d6a14b0adf9C4C341B416d9E87C 0.01
0xeB656CDF5A5759dF3D7D4Be1Ba0E2819045fa49a 0.07
0x3d1Bc1683C68b0eEe8aBF1F26622049Ac153B609 0.03
0x7Bea8d47C173c5b85d9C94f92535C31334fE3f92 0.08
0xd43413969AF7EB7651533c0Eeb2F6FF30FF2F763 0.05
0x688C1b8c4414f12fcA5F2000d13889B7C49aAd50 0.05
0xb02457a63EbA4F8f2faDCD3D00878bfCC31cbE73 0.05
0xc1a93E84E8c401F7479D9e33633ca5ac757f3261 0.07
0x9a9aa331503E077f80c8bc732F4480227B3a4746 0.04
0x9e97137699E3D872Bd7caFE25EfE3E5DB76C28a5 0.01
0xA9e47aEBe144b8931075A33993d8916A2C389b2B 0.01
0x8670cc818E2DcC753a93f305626c4576f2427E21 0.01
0xfb8a4A2BB88878590Ad185a5894aCA0CFE9143A8 0.05
0x27199154fC2854d3Ffda5B7DC280ed8d60f86B88 0.05
0xE2C6D2Cfa042Cc39c32e8Be62a8Ace26e0b6014d 0.02
0x5d9B8Ff662fAa5D7d5A2D42d4b08A85aaE3b963C 0.07
0x537C3c29cA661E64F654Df6acC9a64F502E6F3f0 0.06
0xaFF20119d20c5C5ba99F680f3B09BF0Cf3e5a21E 0.05
0xbD0A7d4593002BC2317db4a8E4F9fcB438C6e4cF 0.08
0xFa64F6E8Ce9318ee7eB7ea424405BDd658F71494 0.05
0xf3b7fb80Bd3825C941C840387B089fbdD574f6F9 0.08
0x1D8ebf13E8DF93eFb01b05F811070Bbe821B63A0 0.08
0x5b02482E7874Ee2EA95BDd8A9E6fCf420ba3E7fa 0.09
0x2bf6eF753a7928E9007F0FA68256070968684e98 0.05
0x0b32D0a17b8841255f7365330c16dc25FA0C4FbF 0.05
0x9c1113EFcC68dFefF6D61b45026821FF481E4742 0.03
0x56B5F36c58862e76a06d3C6a901ccc4B3aAaba42 0.09
0x4ff1bcd4488EB0664137cc541EAEaD4aDba5c830 0.01
0x3B6E8B6F3E57eD271591A3A726Fd07B51c3632a8 0.08
0x7177183AE27F75331000BcC748963c2848d458AA 0.04
0x3372AA21F8856F03560a48f92EbbdA17F25B6598 0.01
0x4c2dE8335Fb5ab11aE08AAAc144C732b03d64560 0.08
0xed95607443aFc30c12dA6f46EdfFAb6A90e13435 0.07
0xea9C69C3E9E4379Cc4c607cFc65360452f505738 0.02
0xDAF213F5e7d6dD97D8598CC9C681A940fccDA316 0.02
0xCC609b7834e1Ad31A27DF687d29959981dC5DaD4 0.01
0xCA78584C319787B9F8470B81C0362E285772d6E0 0.09
0x2321B06523855706400d037ffCd8883FEDE11EA7 0.01
0x3b966f9AF1AA5e57DE6b49DA75f6D3814e707B4D 0.08
0x8A504Ed8aBa42a1107Ed1B1182fb7751Ad7a8626 0.02
0x614C39d068a384B318E25fB2Ed43Adb84BeC1E2c 0.08
0x2CCf3ceC926b32176F299e1B4D9f97bD704fEE7B 0.06
0x198349EE31Ea414DCFD475c64292eE9b1eF59fE9 0.04
0x13f9dB72ff13EedFE83CA106Fb4B390824c9aB85 0.02
0xe39524511FE6232664491dcdE9A64f79CC9B8429 0.01
0xB14DeeBd1b461Eab51C7b64A7a1B1916C49aFEE1 0.05
0x67De8288f4cE424d7AF593EFd0ff5F331184D31e 0.08
0xf142c92bc354e1eDa22B3384403a8726B820f395 0.09
0xaf05b0C675f4e6A57339A0992626d459CFc73813 0.05
0x0828b3e4a38f029afc9c42e0be8f3958d9ae9459 0.05
0x71905c060ee80D9472f33764B58af8FBece14b89 0.03
0xb771f775cc2eaccdb651dd9dffc2fd8c99ba337d 0.07
0xFc5ab4603ffDe84D52853c453C01CEdBB3C72483 0.06
0x5ADab873eac423c71C2653CB615700e5B5A8FD53 0.06
0xfb9592623a66b260c47C642BFB061B2827669f2A 0.09
0xa55e3893d1f6D5211217CaC59EEdaD9BcaFC8773 0.07
0xAd2DEA1a2E4B068b33E1eb3850288a4C44c13D30 0.08
0xf3Cb5755344183df9165a8328E8B9C81EfbCBEf7 0.09
0x920B1b2DDD2dF5592a6F041Ab117b56c94300Cfe 0.06
0xD29D71DA1CdBaF29D81b53Efccf4c8068b85eeCf 0.03
0x09a339BcBfd1D863bdBca030e5a7014bC26c7124 0.07
0xAe791567880753Ca4A77866D30dC4d50678b0bF3 0.05
0x62844650f26621c86eA91C2f0dd32A780951E1e1 0.03
0x0EFF97F664effD9C70D002aCaDE978DbB057a531 0.03
0xa33e1F6eF5D628aA9C9b1ACd6d834922200F2CD3 0.09
0xEdA3725987f0E0e0f2167d3FA121BeD76F11e275 0.08
0x0228d90eb3638b1bb757e9bab6d3fc11ec8f2a86 0.08
0xb45Ac9ABf53Fe3E9508c911dEa6e9c9a2060dC9f 0.01
0xe009663cAC3A72091E01Df79f4284d7f623dFfA8 0.02
0x1632277137E774c1479B8D378153A4F2279b045a 0.05
0x0E667Cf8F9A7Ddb3D023CE2184327FD9eF908A4D 0.06
0x63EF765153dAa2cf90c2A259a7309548dd047753 0.09
0x725AcF14b18603e4217d8DFAE47F88c09760f116 0.06
0x0aC6991Af9B6d4c81028054930BC581F40D2cd7F 0.09
0x6F35ce2DCf8dE1d151fAbC8c288f4eacdcc07190 0.03
0xd6128a610dE5c8607C51E1826B86222C8712c4de 0.04
0x7E7Af5F1449Ee3aea3CB04F1c72071E4953c7eb7 0.01
0x5B5708a5e4B3a1BA42ef8A3b5448fd42121819Ae 0.05
0x03FFaBa2D4384688f873A1aE86FF6c29868A19a7 0.05
0x506E018eB33D286A4070B79D119C7E389FC40E8a 0.08
0xc037726933c612574B75Cf33a35237bB6908eFC8 0.02
0x60832da34580196e09dD44B9581bf52C279d0D6c 0.01
0x69d7Ca169e6f3e6fa66CE27c9B71375fb14aEda0 0.06
0x490358E5D4De3D3E18C08040f499e1B0860844ee 0.03
0x05D9bBc9AE6F9d654CfBf90Cc2404c34a9Ed4653 0.08
0x190FBeB640480CE706DF35c6A6A515543a079B62 0.06
0x11b40bdD1658cD34e401A7BEE7f600cda4D19fc5 0.01
0x1ACeA492E78dc5d2Ba007ff0a68f55dC4BB05eE9 0.06
0x178107f9Dc983Ac2d03564791cBCD7Df8daa00bE 0.02
0xB96ab016d2532437BBD56aB3C809d3E16FA8F9E9 0.09
0x010435b8a00b24bae94c2f7f98d2ab1db3144d83 0.08
0xE33CF5384328F6471d36F25D4ccBB067df2C3C00 0.04
0x60AA7AC83887a40bA845e56E6Ee2FCDD9a359e11 0.04
0x6B3cbbd4f611E5cd674eeF9b2d66f25B9DcA63Fb 0.05
0xbbF03E86F7E8a1133CcB13cc4A11D5C1109aad6b 0.09
0x0e6cFe29452FE434905e076A1075c1fe2E7bdd5a 0.04
0x162824b1C59eF4CefbF4e720854c6561a65EE127 0.04
0x716577CD918d211b46b0C944D26c0c77fDff14Bc 0.02
0x800e94F45B3d9f537Ff920687d8cC97171D5669c 0.02
0x13c4B04205C9DBD9ac4Bc3D80aB883e505AC152a 0.08
0xF0206e983E5af3Cb29Bcd0e85fe98FdF2bb673fA 0.02
0x57ce6956A51b1f3af55Ec031D55F134Cb19641B8 0.05
0x100ceB2AdCFdbd339A2926ea670298A91Ee3d501 0.08
0xb9F4249Fb6Bd81555E852465A75921F0941149f1 0.02
0x98C8bE1A9a77D6FE90DAe3b62C437AbB8CeD1dEc 0.02
0x7755B69903BcbCc419260dBb65772412E0C4ad2b 0.05
0x10fda5368D5CaC9e7801A9581e01e2D9cDc86a0E 0.05
0x09052d6BD328fB9a0e62Bc23B2707D98CE898548 0.05
0x93DE6B65E07F50cBaE0186E8C53f841c582Ca72F 0.03
0x00ee80c322d6e956d2629a73223605bbda946f2d 0.07
0xEc0Ff83c6c161a4B830474Fb145cFc7840C408c7 0.02
0xd466206D2137F115d7A6984964e77dcC789E0ff6 0.05
0x78b8585ff80A6110DFE7dbDaDA0200c84b8daa6f 0.04
0xfF0123Bdda73fdE3cCE5240CE3f917182CE283f2 0.06
0xA8984D89d3Faa9124f297498a0779EC170540b0F 0.03
0xb9344bD873095F32fe515846595A9bA6b46b744C 0.01
0x1d533978D7B722A2896e567aFC1F83a47C673431 0.08
0x0afE1a9BF13D732DcA46Bd04D31af99c7B9d4C04 0.02
0x790374820b3Cb7Deef569AA9D421E717a3f2fB4E 0.03
0x06eAf09ac525d12271DfD04F36fC14643Aa655Cc 0.05
0xd6B6Cb21082EC084b01E88B1A5Caf8f2A94A21cA 0.06
0x79Ec5A7C1849Ed32D39e73B7F4dF8946A8552d64 0.05
0xf83f83619683D25ed288d720D31893286C1D1131 0.06
0x2361efa914AB3BccCe8Aac7F49E12ec2841f4425 0.08
0x282fB5d94aC0f9a5E27A910615Af8361f60f6ADa 0.08
0xfA1b371c7f0628e0265d42F6cc91aC244192630A 0.09
0x60b60ae0C5D94D53Ea4116774F999ffb2Fd33d94 0.09
0x5BEF2d04A090dfB5Ca96AeE1878a99dd91298B24 0.09
0xd291D6f2a688b7d6e37091DA5a874EEA64e5b0C8 0.07
0xC45cB64378c1BCD446e78b8f5614A77D19320961 0.02
0xE8C47862810499b5F5412A0bC27A0917058c200a 0.01
0xe28f6141da6Ee77C82023407ec9df5786C0aAf2f 0.07
0xDD775a370EB1bCbB8CaD85A61111863e08F4058e 0.09
0xB1647b8b3d011678010a1ff28492E174497624F6 0.08
0x2effee8a74b1ba6199e22ce65eff1a5e0b053921 0.06
0x97af6E8855702F872b37Da17E0506571AeA669f3 0.02
0xE273aEeC5b8429CDD10d5f88e43e6adC3DD0f32D 0.06
0xf7Ae1C6E6c5eBFB8a4fA4C746cd7264C35822Ab2 0.02
0x727F6F0a6e4112D80996a90BE7cC42f10731f5df 0.09
0x986caf03e8c004Ae59DDD79dEe74Ee642144D8e7 0.01
0xcF069420eC4e89dDb7bF3DCa0E4f0239F5c24674 0.03
0x076d86633a847a2fbc9B5dc9B304F3d5287d5655 0.06
0x544eD3EEA5098E30693498cd3eFCAdEdDB6648C6 0.07
0x8D000885233998FE8E81aD5232f0ecDCE2724261 0.05
0xBcf772C614ba6acDf57267d4ca75b64e1f5104d6 0.07
0x24F6DDfb3Cc37E386D604554E5339867bE84877E 0.09
0x967F0b9ba7Ee3C6B11DeCf01284511C7ABdF4135 0.07
0x90645e68118d4061020Aa6Ff04342327ab02dFc8 0.02
0x9e15Bcc0679E91b3E8023a28887a6cd0587B143a 0.01
0x4f77250781Dc8d83B262D56D3beAE8ab78BD34a1 0.04
0xc0F3f8E417EfA98f43AB45A033688586f14cD35b 0.04
0x2475Db00fA8984fBEb236D159D97D5359eCB96a7 0.09
0x87F81182A37B6bE2d92BB5bF81bB8f25BC153bbd 0.09
0x0550A6dE15e16a0406d6dE020aF0484e0f95EE37 0.08
0xA61933137EC16FC1fe41521Ec25EE2868985af08 0.01
0xD025f1D06f44A55c3688D125CA748A5225664AC6 0.02
0x1B39F316F5783e4F4711B80d094182390CeD9470 0.06
0xB47B9EaED47a51734e3157160A41bD2621B1F34d 0.02
0xcc3d4365298C3A24F1B75c40b59964c653BC1a59 0.08
0xd632AaD88d154E62Fd1d236738b497f0583BEFF0 0.01
0x6c90e76373c9a31501F9217220c7909F844276a4 0.09
0x4BB5a2AEE6A9790d3Bf62AafDf73c9AE1bF10964 0.03
0x24cD70208d382F959a537D4730d4d7867A9553Ea 0.04
0x2c933aDE82FA90156A7b6d66C7d36Dd5Ddc9B524 0.04
0x142eb76eaE366339669732c7EAaA8E181Dce0f97 0.08
0x2279BAEa4F176259488b5E2b065aDa2074B9Bca7 0.08
0x034c1a518fd8f00A7FcD1D6ddc697642206Fb39e 0.04
0xdf55C4882bA9A761e1a34Abf90F86D7970F4Cf60 0.08
0x7Fa0a3a004a6D8FBC0827279dB0eAfdB5a0E2aa9 0.08
0x85383378C49a05D529EA5358f1c39e6f42b73284 0.02
0x886005EF15897E7ad92f94381033079b30855181 0.06
0x16b133732E8025909F92631385A62112C8e4AC15 0.08
0x22cE08A0a8D2B39E97FfA05B7586A4a28d9d4980 0.05
0xcb02AF0226fe074711572C2cb3ddB963a0676Af0 0.06
0xbD21939659286667bC982aF1a7DB24F9F25516Fc 0.07
0xA5f32B5f876FC92ADc578af7c4bCCECA99E0798C 0.03
0xec55A3b711E963C4Ba697bC91BDA4cED5BC810Ee 0.09
0xfC7594E24F93757F68C142BC5Ff1fC5720F8Ac67 0.01
0x9c812F478Fc5a097deffb6dCD49ce3817Eb0F89B 0.02
0x93ACc800F95361663E72A325A9a4CB52E660fD78 0.05
0xF4C373725f3c2Bef62c0ee5bc670680679544a65 0.07
0x20b118FA90c25adDFa78f6dD4c49D29fCe3f058B 0.08
0x2d2EC53EB97d8C9F0361bde0d1d6752306d3dc95 0.03
0xA1AcB0f2E682234fC5f864568acFA5fBA40f9736 0.02
0xA69A162bed70f9A72FFC7E86df657B65eBDed005 0.07
0x6647C198CEd4b857C36cFc984be9E16d577C5E85 0.06
0x88160a1d7c16436E3B5eae4D484386C09f02d9c0 0.01
0x16731B00446ebd03c8fb943dbc81348C2bF97F29 0.02
0x87c627A6A2A06aBa95E01560b8C94A04E90109a9 0.01
0xe661d05ccEF13f671b8fed032BC163792DB0D50d 0.08
0x3dEB6243Fa74302D518d4f00341AbD2331A94e7b 0.03
0x9602d151761aAb854BEFCaAf9B5C1aD37C124Bc7 0.08
0xb19f503fdBaa985A656DA97F62ef5d6Fece0DD84 0.03
0x5CC268858c859546B5C9bAF59b4d9e9B46ed315a 0.01
0x5657C3fC80EEf6609Ef50B0C6E471B555F531dE9 0.05
0x97B2559Fe02CAf4b8c829b9Adf97723AF070288C 0.01
0x5e4b7452F28CcF2B0764EEe3A9f8D15b1f41A0a6 0.09
0xAb9ec3B2ab4B893Cd863d3EbDAcbd63f5b23DfE9 0.09
0x138BC97300c0BE31a5A1E8A59c587ee003eF1A12 0.01
0x90bC917A6Fc68Af7d6f7F8e80B9A401E5D25DCEd 0.02
0x88B8dD3E10788B48314567F512CD3180716F8D5D 0.08
0x309F46D9C645a730c1716c03C527d8B1Ef5e06f7 0.07
0xCa6042e266C3249551e25E0C95d16c59375d926A 0.05
0xc6b0884295046ECa9b6c5C98c4eecAA0F5102a0b 0.09
0x62415A4eB04810756D5a5cde5c39892f6AA5f53C 0.01
0x4e31d18C3C63d4F0E34A47b893b7Be3dA4845FeA 0.04
0x47E925d966354483fe0E47dDAdACfA80f63F8e0F 0.03
0x10463077c448A11654d58A8b36b5249600e61311 0.04
0x0d4A7540F0A37E2E4429CFEa5f21C9785a6e5A9d 0.03
0xC53AF309cb2c85F830148EDf1dfa4B2520E56594 0.08
0x06Ca5B6877004da40d8E8CfadB37372F2055AcEF 0.07
0x421E21203484c5aDD7ddac6Dc66F0574eF0fccb7 0.04
0xef0360c354F5a1bF8e4d196Fab8fC5756D12A20C 0.03
0xB9b4Be795251eF0B5b44C0B0D2e58bb13931AD2B 0.09
0x5A4F1aAde1eD0D4E79A01d78eC3a2361b38DC9e1 0.07
0xfE88CEf9E14c961FBe4F98B7E245d8d4DAde56Ea 0.03
0x6175b2c80a59CB7e4f5a61f478D6Ab21c0FD76bF 0.06
0x1F3cb7290a6cF5FDa3ac1a4bBb52a72e21b737c1 0.05
0x398fEF65F47C66E82dd6d967Eed706750A6361bF 0.06
0x4c00D380942581b8e95a7e7A1DCb2795Cb134d84 0.09
0x97B43f65687AE07BfB4a581c85836F252DF1339f 0.03
0x9b4EC9C39d922A9a4fED14aC0edd0F8216Ce4115 0.07
0x071072fD26fD39789f2Db27eC45D8c9B387242b1 0.03
0x92F26b8bE9Cb0CD975Ffed8076Cb8CC93D654920 0.05
0xc9DE6E9728Eb3eeF6a25Eafee26Bf6a83f342a16 0.09
0x0f8F06a241fE2e83F8B4dffDb645F21608E4222B 0.06
0x15df0E50Ae927333B0Ca83fbaD4Bc7304fdD3bb8 0.04
0x6cE5470E57268Aa183BE00E0edFCc18d97201B18 0.07
0x0c2633375f6449abFEa6c32f6Cab23A3b8F6Da31 0.08
0x468383779EEF9162f25512674A09869eeB666445 0.06
0x2405d4a14A95978b4E2dae6be8530e9EA651fE87 0.06
0x198AC8c8F6470D275aA71294355925aB840a591c 0.01
0xC7D8F1C49E883B79862EF2519cb628ceCFF76D26 0.09
0xaEe665eD33137a708b0d90783B5367939380E10B 0.06
0x6F535fa5abcf8b6f3ccca62606d8019e8a0069E9 0.08
0x396C7e0b259ae7e915ec9202DE1D7189360c89Eb 0.07
0xbFb3e375EFc54462361deB08e4a03F6A6A15Ccb2 0.07
0x05327A547Afa373B842b94e9AD6ef7EFDC5E0fed 0.01
0xA1C1d3440991F7C367E01A35173De19F1a6cb097 0.04
0xB8D77f07Ba4BF8F52C2716faAdbDFB3aAf6542dd 0.05
0xeB81b9f877FAc2985235FAc28770877b4DAE8797 0.08
0xb24efD6D39a4B1D6613d9DEfb994f3C39ea2F205 0.09
0x9C2bB433d8355661B814617A1fD56897636B2bE9 0.05
0x59cbB4bfbA70A6fCCd73F59BA3a305291677926B 0.09
0xbABaDA456fB4Fb915d1863328BF42143c48025B6 0.01
0x19a7D00FB72282c7f3002752b1e18733b2Ee829c 0.09
0xf607d900dc7263958f114259c2ea1025d0af08cf 0.04
0x744CbF4aC95F8E2dB6bED6aaA51715EF3f8Ccf3d 0.08
0xB9F91bA5e25Bbe93E68cf9AD820F2C9cFF60bf17 0.05
0x897640EEeb1F83127ECC1fe13C0c41CA6035302d 0.02
0xcBcA5bc16Eb11B2DA1dBD673f6E0fd08Af960B92 0.05
0xF07f9787840e45227C8AC7C8F89BA9345e7745d6 0.09
0xf5814F3d321b53e0eae236d7a59dBa4c119D8D95 0.03
0x534F824fDA2D20f53C147065AA86D3eED0f1689f 0.02
0xB819D2073b3142E8801697Aa72B22326F4b31784 0.09
0x95D8ac20b2377A00fcdA7Cf56709C4570EDD40b7 0.01
0xA58204798874e8F907b645467535F2381fFaB565 0.01
0x032BEDbf7e2Cc562037ccf6f98705ae91d15EFea 0.07
0x3776b73C57BFf90Cea2E3Ef7dee7121f2BcF6518 0.02
0x0808282fe8326914e422A5d3C1cda563e6DEB369 0.02
0x10dB4Bb21EB43C9a40F61dd8ff6da7b308934699 0.07
0x155452fdaEB7cc8415Ba035f18125C4DF9f921F1 0.03
0x8Eb3de29eA91Ab7223Af8BebDfB9EcC1d6075129 0.06
0x6C8A910Aa4aD5b04A3F7e0842E30cFcA6C808998 0.09
0x3940c185BC0e85DabE1eB5e8F82f7a909499AdF6 0.03
0x32e70047A3d03c48bc23765747bED86cee253e9e 0.02
0xBb1324F5ea0899A434b1f599e0ea257F3232EFF3 0.07
0xBAF1a8581dD6f313812f8f99F3840008A0D89Be2 0.08
0xAB7D38EBC14b5320b8DC9Ffe76AD6b8fD84aa5a1 0.08
0x117696C82431491f47144A43D227BFEfCd0834B2 0.08
0xbdb6d91c7aBda76B2CFd0b8d04f6D77A692493eb 0.01
0x84dE49d92de23f39d62DE8b8A8732b731E84E054 0.05
0xE2841F2B88965f5A6d0171D1895EbAf6763101Ef 0.01
0x6f30e07E916d848a1530FA336934D0509AbD7C75 0.07
0x6A0A5158b399C925e362d759d21734A3dBba913F 0.09
0x818f594C46c67d006324D402F5b4234191789FFd 0.06
0x7372a525F09c8D71dfB05BE60629b1F9eDeA371b 0.05
0xe6E2352B0c84DDf02A2792a9701C812828F9E58f 0.01
0xc6b1E44de6974a41E40e0CA84D5CDDF6333C76f0 0.02
0x1e7c9bE1Ace194581A507800dc18b757481873E6 0.08
0x859f6C0439C830f549cE0512AB4b80EFC140c2FC 0.02
0xb2ED4474d0c4B45764807ceA8477a3B83eA38300 0.04
0x2cB8422f1f3bb52BD45a037Bc8617A60A1020dD7 0.06
0xf0b89c2935b9c6800fc9f28689e00c0dcb97cb14 0.07
0x9615662A73Aa8f1400e2184B8bDcC38292Cf8e56 0.08
0x5Ce3163e1dd264F87EA3F1697de67aD41BfddcA3 0.08
0xDD170277FA78365A8725aD2F1bA85286bF706275 0.02
0x6B4028c352f3a66cD447a2ebf2aA5724d3D8C521 0.01
0x675581083b0aa12b82A7b9bC55cfC1422a6f745D 0.01
0x2BA6de71e4BB627CeDD14CB8dcDacD3680fC56E7 0.01
0x48c96E06282A471b9aa798096476dC13681bAe3C 0.09
0xa66599fAeB7A2f9176Ed501E14b504F7AC6873D2 0.06
0x7A30850e8cABd67578A3797B7AD9436f2C3a0911 0.09
0xedfc8b4d5e243e9e797b1292a6e0c4ec600dac26 0.03
0xB5fDDf3c91993dB9534112A64Da578B2ec38293a 0.08
0x51ec49876fD0F9e4Bf72998fB24CD82e05802fBb 0.01
0xa6C7E685c6B9ad935D2ca290A8b896a5557391dc 0.08
0x3AacB2f2A5fC6A13325a1D0Db6f6F708AEA40e63 0.08
0xfFBDFC5cBc6093F5841366223d3b687102203FEA 0.05
0xc2DF7A206f8ADfB0D18894875Fb3257257598558 0.04
0xE9251703715d0493A1791A7fA4E064fCD7a2fec3 0.05
0xD25FE2eE023D1cAAa348FDd9AD7B453314958605 0.02
0x5Eb2bd839E048147408fCE6f4512FABF3e1F8EC7 0.02
0x7Cc5Aa531a74f2BBEe862D6D7586Ae1E4928fDDB 0.05
0x53a02f4311F98f463B3C30A3a988db215d5e2735 0.08
0x05f30c572D8bd809f42FAA168b586f7B22a6Cd9d 0.09
0xe86532e377c1b8e11d54DbAC6658185Cd7563adf 0.08
0xB037899097AE6f7CEE12C266ebaC4134e57eac8c 0.01
0x4eB7F24c52f418614876d64fB30305c4418a7EDE 0.04
0x2841fC78E3aA5c3024869FF389a71f3c3Ba3Eb27 0.08
0x75318cbd57C4A6240208bBeF829F5fd1B6d10B3b 0.07
0xC076854ddD98A5280fFA29C285c84f51dd430DFf 0.04
0x14F07B431EEA38A34fCEAF589049418c958f0451 0.07
0x2f285237624809201DF91397Bc5FB82792E26713 0.04
0x75B080477d8D24641183bF83ADFb15BACc57BD22 0.05
0x50F915aB6136D3874004A26358aF0b5a59cF882D 0.03
0x0b0475A033415dAEEF0112a5f3051F85744bAe05 0.01
0x75acF03794Aa525A302F6296FE6B016fFa44b6d1 0.03
0x2c77D204bC9FAb762bF7d3A4D2B221eFfA9A7910 0.03
0x1995B79612Ff68efD8e073aB774FAA06424d4C07 0.07
0x1bba6426d3db55de64045a78d8868f19d1cdcd48 0.05
0x8e2a45b1a71C1220EA570A489C807A871459F8DF 0.01
0x67784cE3496C665eee859ffE91275292364fC588 0.01
0xb205F3F5C33186C10fe78d2ECC8852edAf5DEc92 0.08
0x42B26EE225dDC2a2F33b9f50940024f86ef9521E 0.02
0x91B2D3899C02834379be920b484cefb0328CA56f 0.04
0x5e8B367DFE7E69B6DfcedDF57F5faE2b35536967 0.06
0x0047c475052ce27000601905cAc8506ae8d3E16B 0.08
0xd1bAbD23668A7B459C828D56aFb1F6E4c8CF715F 0.07
0xBc53fd21c4c7aD4D8E1F2389D97A2d418Fc41652 0.07
0x50eD16b7AE725aBa6b519b01fb723048506D3a75 0.01
0x2661D5c960d3299783fFAe90d936fdd1fCEDBF9d 0.02
0x984f32A1D8018A4afDD904A529F507752CcFA4BD 0.08
0x5447BB679FA42ecD73a9F22a68902F63cB20A556 0.07
0xd9430Fa6854B3716F0A37F2d648FdA3b0F7a4645 0.01
0xB315537dA74A8ef4e1e24eB6E1d5Ce250abED3Bd 0.02
0x7Fac6E22A4b0d4633d645524bE9D1D64312500bc 0.06
0x1Ff307d10522DC3728CE5de4c13ff8F06AC9Dd21 0.07
0xbdD671f966F2B1F85cD34F449a4F6fe59Db17717 0.08
0x9b87609fC7BBE98B2b2E35E89CFCEF1a22bD9Ad6 0.05
0x91278C93C8831B0dF5e592522D59c86e265c581e 0.04
0x3470E0471b593D0DBF099a90d12a822bE6B4C8Aa 0.02
0x4BF9300Cc852E9ccF10bB35e06491f7D383e9C4e 0.06
0x33c297fdE959456bE22C38285C02A9b2d0db5ad9 0.07
0xFc794DdCb637C5627E5E128716BE741e90952AF0 0.03
0x78001b36Cc2b9994389D2809BcFb80d55451b0ed 0.03
0x3B296b11d9aD960DC2028d614C5c1d42Ab8E1958 0.05
0xfA2A3A7EFA39268ed451a2c7029d6bf3c746ba9a 0.01
0x65E60c27F93Cfb6D6C6401d06F647744c6229a4F 0.07
0x1206a819972e9b737e3aba3708243b1a050d5a84 0.05
0xeb9040f97475827b6d374d5537ef1f2f9933ff00 0.07
0x07eF9f2466d285d6D439fe1A1D6e741dEd09C43D 0.04
0xb77a4c8d8a34D78A7139626C588480905Da4056e 0.08
0x97BC3Eaf6a235a06023a99F6CDBE6d655238B36c 0.02
0x1EeAe321ae990A904cC9Ab268301B2d19dc9e704 0.09
0xcc8993d2E2BdF1F0D6e1E707B6928AA271ead52b 0.04
0xa467D848926197Dc492418E7DB3aee2C472c54c1 0.09
0x0fC7eb3c44316B0B217471F1342493dbd5548C22 0.03
0x23169d9Ac4e093FBb9cbDDdc8123bF86a5A6CbB3 0.04
0xaa35CEbd7B80E4c34A877480458a8b5d93fa53bB 0.02
0xE8F72Bf0Aeb8b83c729d5a45230c3a5760aa8b09 0.05
0xBD1814628b7a03F0fbefDA6160510F8d7685A817 0.02
0xf518915105624f1bf71c6a484b0f013749338685 0.04
0xdE2277942a72b5472d6B38cF010aF9242efe8248 0.02
0xe9E5f2b543c3891E23E53f17de2F3D678da2c37e 0.01
0xfFc1a14E91702a99445bA9C5CdFA836Af8788839 0.07
0x60726F2939952C90724fB0dE8C1b83AbCc430692 0.03
0x29eEFcf4587E69F2428CD9905D8436B5563a6C38 0.04
0x4028FcF3F2d9fbD13d21239050B58d6439dae4B3 0.07
0x82B42A156EA6fF4cF210A2787288C039e3553A7A 0.09
0x04b7Da4DEb9DD97c51B52C754f2F386EFb583Cae 0.04
0x8D81Fe6417a6Fb0cbAE2Bc66591a50E9ECB2B35f 0.06
0xDDeC6b70f7a0b05bd18dcCB06A80355fD2ad4EBe 0.01
0x3793b978dC28a19C17A28be6F44f9aeCEd3bF6Fe 0.08
0x3518B1A5754934a4cb64890105B81014396f3098 0.03
0xbA3541506a28B848271F47f4282DBddB60e1A4dc 0.09
0x03372b1fE74d57d73c4f3668521B5c75b9Dd88Bb 0.02
0x82b96eC611C1d635fC522b538e1580469449e738 0.09
0x0357893e293b773e3efacC6d9BD3fD091b02B4b4 0.07
0x20AbD3ae104b6B7549fE9DaDf3B770Bcc957B05d 0.08
0x1d5F448E5f6819A2b226f21771790F9eabb65422 0.02
0xDdcCd43b71183AF7F95c3B974026b86F8C0f4A8a 0.06
0xdf4762852BAe8a65E8921D18540e4c4e957BC7D7 0.06
0x36ACc4C45914C1aC8945FBcB3Ecb3a634660c2F3 0.07
0x76229469Fa67CE6D11cdeBc65637Fa3F99208598 0.02
0xF790Fbcd778934b5E841bB8c11028A7e389e9868 0.07
0x99C435cBf79530F5451100185bC6C6bE01A3a07d 0.03
0x99Aa56cfd3D34041931BeC6563a5411723aa7357 0.06
0x4e60D364515B618961b0366fb6a1d65a2D386C34 0.07
0x53359ED90094a7aE83418189D4360CB350e98fB5 0.08
0xfCfb94F1c59B21BA6dC780fF6717B15cBBDa51e1 0.04
0xfB62E6BFBB4DCA18c2C5f791bC034ECDE7871928 0.02
0xC41Eba22a6136cfF518A59AcfE6A0e45F37FA135 0.06
0xd55334A102C9D5f1C4564142E9fddc7374260056 0.05
0xc796E4A31F140044335De004166ab582cDCF1a4F 0.07
0xd26DF80513B230D2967441C6950CB2EdCe1079aA 0.01
0xE2813d0A69C8BD6f279F0eC01b0246B43aa87D7B 0.06
0x420eC459d2b4EdB4591053f2a3ab7b1779a23033 0.01
0x9270D230De79fb41240E3b06b002b484FDEa8E1e 0.01
0x52d6FE5d9D5fB157133e4A397aB31e402D0979e7 0.04
0x5e4Edf55DCd3497983F2230E6D28759120f540ae 0.05
0xF3fECf2B8FDb63134E452995960c9e0faD674ED2 0.01
0x7C48472a93abA98e39ffBC5f931593273d55B456 0.05
0x5f10257B81F5bcF544e938A57006aC05C99E5Ed2 0.08
0xC797ED14ec2BB863c16858C5Be88Dde8E44eb474 0.08
0x28100a0F0557C6C3a7936BA13590abfe1F9B1337 0.03
0xdA8be3EF0f936bf174fE47350cbDa42E239A419e 0.01
0x00D22f7fb918C0B4689517D745E2B6c1e46517d1 0.02
0x48241Dcc0A57c52fFf403AB6113491929950cca0 0.08
0x958e05151F79C06C5fb386FbcdFDd2C02382352b 0.06
0xE7df3896F2675Ac931baD70100Cf1f5E66c8C10a 0.09
0x63A5Ef39357813097eB8183d80461ee42D2DaD88 0.08
0x90d2b7fcDa2F4d79E1A721b962d944815A234B80 0.01
0x5aFeb0984387EeaA1D6262d9ab0227dE91d8dC60 0.02
0x450D4Ec0A7EEa63707e0e1644568c7Ca9AB2a6Cc 0.07
0x153037f4CB64be217A6F63C0eE3A7C2B73f8825E 0.05
0xe012cDC4Ee5dC8e4d559CAeB6978F8C00511C078 0.03
0xBfd81C81E7cE8cb032C959bF2981e0f0F9DdD28c 0.07
0x797B128881A0DfEA07D9c9Dd735e9dB042e833bE 0.04
0x726f2F6FDf6949945811c45fdCF1b6E66861621a 0.08
0x5cb983EE35f7e26dFfdEcA977619c0924848ebe9 0.01
0x2E1F29261926Bf0790aEAD6998dbE6826f8D404d 0.09
0x3876F609FE41A4F1Ea5c368883b2E29Aa726230c 0.06
0x21B0375ffEa2Cf8753916E3943F9583dAEa60014 0.06
0x5Ca121C7EbF8890005D79837BA82742181a60096 0.04
0xf58E9E72351FDD2D60D23b6D06ab2D25f63138E1 0.07
0x48FF3649f0ccc14BeCE908121a4e113CC6C67278 0.06
0x73204305697210af15061B967CD20754E410a9E2 0.08
0x04bE026D15E23826f46762135a81cB15f8f374C5 0.09
0xE91CC1102D679e0A248B962aFdaf47A125D1cFfa 0.03
0x5675414C0212Ea528706C70399e82a174B7F5b8B 0.03
0x3595575282b3c9AbDcCe0d44235f34e6fCF8C9b5 0.05
0xB8e4B19267a6B3281387D3d04f854a36fF030ec7 0.01
0x5Ab6d30795eE6fCbafe606116Afbced79fD2b01A 0.02
0x9A376c26b70b7153F8746A7f28ecaA44bb476a6F 0.05
0x86881aFb513F3804AC4e84c4Fc4882BE9CfBDEcB 0.03
0xa0D6d93e096D17312956c3f559EC931aeCE20B77 0.01
0xF8Df1D7008Ff62ff1445De2E7d3EB8A1632bF9Ee 0.04
0xE4C690E669b33bDB960c2CD23ca0Af5eA5991cda 0.03
0x89d215bCc723D5A8eE8C38fAa82B96F6282CC75a 0.05
0x2331e0ccBa19368623B0B94060dE01ea1B01ae69 0.05
0xD1fc073c0c630187CCBb564025B3b6b4d03CE5D7 0.04
0x45b6A41D7E577903a76C5f84B1b0C03229A9b0c4 0.06
0xDD98fA1f4a162Eaf274536b66E9c795293fC5Fe5 0.06
0x6b840d9f0a32Fe53a1D3f79f3c29255c0572Eadb 0.01
0xaE108867d8e49D446744F48fbf883D662CE583Aa 0.09
0x96cf8D095C6366780f44BC08e82c6368b93F3355 0.05
0xCb14ff6AC26F3D447D746499a16897e350A2B8f4 0.07
0x7f62399B98F3CF29d3a45557Ed94C37EC4845891 0.02
0x1985Ea157bB4f57baD5E0790761C13C254b6e1BC 0.06
0x1098f668Bcf33d75D0855DAf4C193dc04F431e55 0.06
0x8D7bE940dD630B4e7Aa03A32aF01909F4A9FA220 0.07
0xB5a56BE3CbD6519E27E254ee8B0070e7d72Cf5dA 0.03
0x543f478965E2291E6406f5C858c179a16f692150 0.04
0x927bB9c83896880bcF778CB6E816A5982705797c 0.03
0x08fCD384A1b497FC93398e91279457A3c888B16f 0.02
0x38dEb023e0004Dcb0214f3CFca4729E6A095838B 0.09
0x6F968ee84B5b6f02B04F7f37Fb5465021c6d4868 0.02
0xF2623bE8a25c78e5AdBA2B068624a47e7faCec1d 0.05
0x22fE4CB3B4dCE0551eF7b26D09998BC7Fc6d7603 0.04
0xc72f1D3784B85655db010Dc2B0A5FCAf3426E210 0.03
0xbec14a5FaEeA262897ea55f133708fdD6333428C 0.01
0xfe7F52d8d14e5871fC2521fc1aCe7b5bE0A4b2bA 0.03
0x3C579133C724d42a557B3B8005C369d89a5d8BC7 0.04
0x561ad58D601AF3ae4bf3bBd998d2E6610Fbd1F8d 0.03
0x438E0Ef02683eed9992b79f8813FFFEA0E54e830 0.09
0x75B9d134B55A40EE97463dC4Bbae7cd9FF1C05EC 0.05
0xb3327AbF81796398fEbEba8d4d36A53AF7531984 0.03
0x4368f72506C54d8d28F19cA8F018F92f96cb4BF3 0.02
0x8C305983fA032490c68611Dd2D3d62A719991d1E 0.09
0x5116806d7EE686140A2167EBF983A8430EfabBC5 0.01
0x86b6cdd833947AEb8018763cDD6FD0417723b6a6 0.02
0xDFA6617dddaA99F1F59228274288582d337b8a59 0.02
0xe404f233B6952Cef74002c6F3b2ea4B7FDDEB9CE 0.04
0x3321205E2E32BA62ab86ff5E94bFF38adaAbfD33 0.03
0x07Bf0Fd7bB93C863854c366D912DF4dB26E4e29b 0.08
0x270943176277f8C3CDA7081565e31387F501a2e9 0.05
0xaf950677EA6dB93c4f8173b5DA54d645333CDf7f 0.02
0x949f700bd752634d482cCA9A20aAD778Cb4FBF96 0.02
0xd8e1b4B6ACfFa469A48a82cfF2635F02645d2562 0.01
0x9bfEb1196D6426e54244afC7731e55359C3a66f8 0.05
0x91195836D828D6f50019514E658d1490582D23AC 0.01
0x11ca05AD222be4d3eC1D6E0c93E023E819880768 0.04
0xd882a4632B62088Bf43704731391032e380e66A2 0.09
0x02aCA568dcdD7a9D141F82cAAF5c8ef4398023ED 0.03
0x601f54ecBe9B6a61225855c04A37E19E68E71F64 0.08
0x3C4aEb6abcB7eC9993AAA69b4bA892c1d5FAb2F1 0.07
0x2eFA9ef4FdeFAFff3B2cDf143f9727Cf9ce53F60 0.06
0x92Eb833a15d074f85FbcE75299eeeD80d227DCaa 0.08
0x4b0eE96f8A42fFe127feF2b6961916fDB5778b84 0.05
0xb884fFA4283f1E8C2561E1420EF983a463c5E7D8 0.02
0xe9d3A702aa714091e4bd215B649f5720CB7E5740 0.05
0xE278123fa4Ae582FeB65c52aB9c34338C4ff4A00 0.03
0xfBC5B53D181Ee087310b7D0f98f877707709640D 0.07
0x17aC973Cbcd786b09F48581B49Ba9B7d14D23B2A 0.03
0xE4EEFD0b9D63a30c0cB7F0FA098f021e698C6466 0.02
0x48CCc52Ca8714F80CEdc4391399A3C8107b23CD6 0.01
0x794828De269937974564a9E4fcECF0E9f7926471 0.06
0xbCfa53421B432EB45d2E1c95d4fDe5c9E095f142 0.08
0x8729052F23C25644996f3aE170FBc06036F190D4 0.02
0xfF35688fEAF85Aef914803f8b5057bc321043a0d 0.07
0x964b0aECBa53dE582502aD70f840554Ccf630d7e 0.01
0x55914EDC72dc07f80e2678c2A6189153A708c1E4 0.04
0x0Aa3360Bbf3Fa9053fF8f29c1C6A092236f321AB 0.04
0xb5879292d4033E08195a774D8e71119EE6F03E98 0.08
0x02C859c9bade8c195C9b0e88BD08889A76A5efCa 0.07
0x33aE155963366099dc2Ae78386EA074E4b3359E4 0.09
0x4bBB57eFdEA7EC6eDC48b5909eC23A1d884e8Af3 0.04
0x7ab49851147def3Fa619836fFF4CE6c42BA109b0 0.01
0x650fEF6534a107783d02a4c26a15Cae30DDEA4FC 0.03
0xD858b96c348c780555EC65D8b2EbfdafdeD63ba1 0.08
0x06893E02Cdd6f5175E584DEfa777C0E9C9CD9f5B 0.08
0xa96333Ee03fC9f381C03Ae70BF3Fd7cBBf11822f 0.06
0x5790B761324Df2c250c88128ab5D3c8274678248 0.03
0x2880Fde630D3D54eADF778A18608B0D18165C648 0.06
0xea34Fd7e3b335498B7C8AD9Fdc833a46Dd78b193 0.09
0x9a719eaE42aDd558AeF3Ce37034FFd7E39CE0A76 0.02
0x9A88B65caA79844908012f2792517CD27286F8A2 0.06
0x54C0535fC641304B4220a43CC4a1B0d301d68fB1 0.01
0x23e684Ddf6F1A11de2E2a21886A6431262C3400b 0.07
0xdAB3084e29b5F5284144905a11329d4AAF6a8383 0.08
0x5b922AB0a5Fc291BA8AB248438fe1203dd40ff86 0.03
0x33b048914Dc51c50F0A07a5Ce2B20D9329003D05 0.02
0xbc64110E1eFA3380FC206C26Abc52556d6f7fC4f 0.04
0x014daCCeD2A7DDb91606cA6Daf2A027dFCc10182 0.03
0x5F83b1057cdaA03B2565B0f49A42Bd65Be4b0c4c 0.02
0x65DF149C1c24Cc809f220f21D1a6a11C95dF7A9c 0.09
0xb4022D47d9ad5C24668a56D86975ab5F0975336c 0.07
0x361516057dd26EFF602a3b340aB9defCa6879400 0.04
0x5614d1B4F7be1AC3FD27512bCdf94AE065FD9Df5 0.06
0x38D2028BD76AF34da448C2882765385b985393EA 0.02
0xd7d5fd51f8e93824ed6c9c1f62419729a4c65cfd 0.07
0xabB95dc8D7C63802F8DD96b10C9DA6F862d9A6d3 0.02
0x79960784ee034944470eA0fb4aF23c598bF2b678 0.03
0x9303931bC4aBfc1EB27bC36B9Af3a6Cdc9207462 0.07
0x2561Ff27B13875926d3Bb52349fCBbacE4040f08 0.01
0xf1f86E5266c19c876E854947f77F658ec26c1e13 0.09
0x78a81185742aD3E8EE9fcBbA4d7d6387d54a7aa5 0.02
0xF344Aeac075A68B6F1b0592458617e8CE303e410 0.09
0xDb020fa8033aCD5E20b8B89BE6B098ECE341Ec06 0.04
0x723F794009F9450d0D56f678f0a5dad5993d07e1 0.07
0x7B98c0E6258186615ac1C85118cEb924c6604CcD 0.02
0xB819D79a2b2b47Ce3D0D234b41f7dfc9a1FfB7E5 0.04
0xd766a7B68769e046031B7cEd0cc63CbD5bE45008 0.06
0x43C597d6143F97C1BE147b90e9BAD6e19bA418BD 0.01
0xeDE8d053514E1CB4EeeAb449934dC951E599978E 0.02
0xC4BBdDAECbBB3760Ba68E641C0CB67DDAa40077C 0.04
0xD66F38D2fE2519Be5B1da7e73925f4f944498aD9 0.05
0x05DB6b79aF782E8897132f23F3486E0db6Fd1b72 0.02
0x615FbF35eB177DFb264539cF35Cc1ADfBdE169F3 0.04
0x296cE7204A22DA4b59eAF46a2eDEB660EABBF539 0.06
0x075fed5ED3d90B96043efa42999F5bADc612b4b2 0.04
0xE978F4cbF28a34F3E6C1a3a12C86d0E34154cb9f 0.05
0xd0FC81f6B0F03FdbE9177115a2b3596B1547b49d 0.08
0x20994F1e8ab0b389bF0ec7BCF325a52702e12240 0.02
0x3bC9C9a1B7a86b4A2C2B52c42D38bAcF521Fd9CB 0.08
0x606Ea060b6E7a2156F3874D58149D207AB3D2113 0.08
0x8d898FE8Dd2d9b2F5b61607917cd3E1FaC08bEab 0.03
0x4Ca87789569c28e25F1870Ecc8b2A3bf4eC79f24 0.01
0xcaa410467df38574a572DCf6447c477a9F9B2ba1 0.07
0x8dc5608Ab69A42358162C9f96d06f8DdE85A1C9f 0.03
0x43AE9E8D1e67C0A947C0cB295AE5037e526Bc3d3 0.02
0x3e52a250B5Ad50930fDE9519c327B4E6633FB834 0.01
0x37a951dd062ba7a4E648469313b90991C9ecB358 0.04
0xcE8FE179B9985365D9Cd76AD7791189B40878232 0.05
0x7d2AA4bD4A2D7dB84FE140093df5463841326077 0.02
0xb1E482F1aecE88dF45fC98Ee7a8E1a4C64007E2a 0.02
0x7941CeA4c0381d60068a89Cb9F5997FD22376531 0.08
0x6BaDC6534eCfeb34745B9b07FF7222683D71aC6D 0.03
0x05B8fe21E0FDce4864b266749d9745ded4dF88F1 0.08
0xabe1813f384795314bF41Deae3AeBeDafBf97246 0.06
0x734ea169E164244c4E08823fd6278F39F4BFA051 0.05
0xfCA13af9897a5DFE67267668F1Be63045330Fbb6 0.08
0xb9B0FFFd7a557985A35D53293A5E4D5c6949A2c2 0.05
0xA32D3bd6FeC11353Ca4C3213D361A6C32e4ef60F 0.09
0x805F0b10F52e976A930375ab5c7a3D961186a5e7 0.07
0x5d7cd48BFB6bB735b2b3eDCa783F6bc871A1d26b 0.02
0x8dFf1f90d4f0a846164dF9C34c9f6720938A4528 0.02
0xb5AD5Bfe5A0B3a72CFCc07eB0E97a1B4F16CcA2d 0.02
0xe40aCb548f62C1D80D71B1770e2bfA88AFbaC2E1 0.01
0xFD36F73354e369fBb60ae910D2320c84aBC64ec9 0.06
0x6A224f7317146918C9E3CDecaf2864799101EB8c 0.02
0x6292444b86cA0b6420D53f742db3e0C0c1342344 0.01
0x95cF1a87CD7b64acbe79B4908b1445442105acC6 0.08
0xb6de20b57877E7A467062E73899D4E63Bc37cf32 0.08
0xB60d7465A0b66B81aca9d8e93Ad95cA26331e562 0.09
0xB110931A92B68B4f2E51de80878FAA21e763DBf1 0.02
0x842Bbe842A656573907070a312D9BdAb994E1947 0.07
0x54750ff7B773C26e9290A479B16C4C721374f2a5 0.06
0x46fc236b13C8b4fe227AE32ea230fE80bC1f5a0b 0.08
0xE8237348DfB4A7617097DE26689cB1f7b0647078 0.08
0x372c06333c7c83e0C123039E94E179870C251769 0.07
0x67048c44299DEb3d6D661F1893247Bf30B4c00CA 0.07
0x688cB7e759df27aea3779946361860357ded57b8 0.07
0x3862f31EcC05633E2139c08Afe1ea7fa4F71F163 0.03
0x5a8C9Bb9B3ff9CF2d82B2bD60dE5E7555758Dfc0 0.07
0x827413413083653Aeab06474dC0C74F1cFF2fcDa 0.04
0x9452415609A0C8c2191179EbFd3BeaFCE9F6dE1A 0.02
0x8f6592B54A7ECd9366a2e719076eF5417A7A3655 0.07
0xed85bF983BfFE8b078aD029eadA7EB653945Eb6d 0.07
0x3BF6076dfa55eDF31F00165d62CB7fC0db386feb 0.09
0x02cf68268a3a4eE881078b7F8fB342E72925987B 0.07
0xff18F509C64dd97927708c006B770b2dF805F93b 0.04
0xdd7Ce4c7A26671c08a07E1C82E03987E4cF6c2b7 0.05
0x0dDdD68F85ad4eFa0fd7376a6E070Ca95C205D26 0.07
0xEcB98F6E621564B8D3fb757D1AfA1a0AcBEb734A 0.06
0x8AB5907Ce2414cf557784159C6D91b04A21978D0 0.04
0x933277EF5196AB62c2667D2eD8d96A42a8e8A27c 0.02
0xFD50D1378693361Db4145c3528deAc5591c943Bf 0.04
0x606a3FFE3Bac96FC157FE63BEb9884fa5bE9edD1 0.03
0xdA470A281B63ed7f0924a0B7ea3305b5d3889f64 0.06
0x1E07f3cae25c7F33bD050046fbB25f7996AF3338 0.05
0xBF62B083EA0E044049FD5036c5B832D3db121318 0.05
0x27176E9c8eFbfe7D5bef2a3dB17fd6622145d961 0.02
0xce00fefae66d7484431c69d6c97ac8257cdaf925 0.08
0xd46A9E017f6398850F3A0983bd9468b529D93843 0.06
0x61E071820Dd849e4C19ce13CF8a12d45A5665B49 0.07
0x40630fca237d5da10381f05c301861a66ad818a5 0.08
0xB7828e0f8C1eEe6a278AD1B0704a8dF170EcD481 0.03
0xf54bE541bA885BED9427D6B300a05ED531Fb6392 0.08
0xAF38aDC92c5355e3DDd9df28142c185251d04008 0.04
0xd96F6591745407Ec3426cecB2AD7CCB9BD43366d 0.07
0x5ed1A275a88da07a7cBdf7F3DC36507830558AfC 0.04
0x85CEfe44aA10AF56f194885e92D3Be748e4fc518 0.02
0x80c98AD544b14cA0bb147D188e640401f012b23c 0.06
0x4C8107d886F0880237acd756e55C592e821626Eb 0.03
0x428291C162Dde51e72C460502DAd98010f54D16e 0.04
0x47970Ab28E70c8e50589CDD9C945C7d4E01E6fF3 0.07
0x98d198B5B6462684D028C81a5b0e043136c2e449 0.03
0x096a36d4a59ce673835f377B6939dc79122178C3 0.04
0xb990524ad6c10d2f0c78e00eacebe9a1bd012cbe 0.09
0xf7c69f5174B177759d58db10F5F29a9d6e7E9f9f 0.08
0x144c9BD2fC9163aF1b591Ec6930Bb0132A195E5a 0.01
0x2E783bdd7217f371E5bDBB4137f7deEe0b3f9751 0.01
0x61BCf112323c0929c6B742372FC7c8c094Bf6781 0.06
0xB0E4a03f057C8c27e5493F4f742266ab4389c2c2 0.04
0xFAEcBcA940DFB564C0cd7475DaB95ed877168F8a 0.05
0xD8F30abb227c3470d0Cc691002Fd0ab17a17E198 0.04
0x7263042884391D1Bcb65cEe676f9b906939f15Ac 0.05
0x657e445C16A40076E8040c741Eea95B8bbd5Af75 0.04
0xDA043C7375605b0E82996Cd068060c401DD7c297 0.05
0xD9aeC99CA17427f4b8399fB0665887b6E228C93f 0.05
0xa3757ef6bDd758603a53777E4fAA382ACBD0A9d5 0.02
0xD18026B6e6b48a87058fB3cdDCc1a6f9bc804AF9 0.01
0x882963D6152E209958D9DaD833E73A45b5ACF484 0.09
0x0dFf6Fa83D8F4d410A88a3D26d32f14D70765283 0.06
0x328eb6b5deb88aE40DAe059Df7CA065c22a8AfcE 0.05
0xE4fDfbeD1fd241883fB2a19f65Aa0fDDeCab8702 0.03
0x4C475fE8e63ad9d651ce2c8f0F65ce4B8aAB2b22 0.02
0x57Beb537C5A5911E97061440D2d92EF189C02C08 0.06
0x607dca76879d90dfdae77f30cdfebb71de94294e 0.01
0x1A59d084455a1869A30a178ba6913DeC137bCe89 0.09
0xE7Ba5C00A170B075323C0fab1445dB0Ba8c65984 0.02
0x990c9e937067106F3DDC297Eff69C932cAB178C6 0.01
0xA8A3728Cd94ABF94c714FF1BfB584e71c8a497a3 0.04
0x5A851655a7edF5bAf3908d8F790Ca14f00c2CC00 0.03
0xb0667ceaF1202e11d2cB6d4F7BdFeEA68F570566 0.01
0xAB917D7E0920544A657aC5EF32ea8E4173fdEe6d 0.01
0xD800a4349BC4474a677F791cB35Bb4bA1906e798 0.08
0x52B5b9a45cF60FE91cB52013fF4aF6FC36404c40 0.01
0x1F644a3dB23747764947f7475459995dc23C7CAE 0.04
0x77d25848b2396250df5860ae566F7c341d81efac 0.01
0x3790Cff302dC285Ea9e2e07E6C2E6B1e89242197 0.03
0x1945a84760023d61bC1446bF7A3889198Bb49747 0.08
0x16e35ec0516712C33D576bA0CB93f0d524321d57 0.01
0xFCCB39e7d1Db53D70cc8B225444ceb05E71dD5A7 0.07
0x2b036A1A5A65aB99bfc3b6C1c0F4E9c127FaE899 0.03
0xe68d4D957604aaBBf4671C7f68F5aE52Ac87eFdA 0.03
0xE99D5A49f9b5c7e8B0e4A5101547A89F888F6d24 0.07
0xADadF9B414e645768120115509C2b74eE9d83eEB 0.06
0x1db45B6CbF7dA91555ec6c87b9709b535776A795 0.06
0xfDcF1658cCd82c9b970Dd2df5020Bd270D702910 0.05
0x7EE5254DAd8659d82c33c6A0CD572dB2d3afdB3B 0.05
0xF1f45ABC0BA0205b1D2936F5b5A79B239c4518a7 0.02
0x465316Bc88069cFfbd302A9844A3013D28F9be9c 0.05
0x3767FC24a5C59D9BE5Ce2a9Aa551C595870e7abe 0.05
0xF1ACC3A4985A2B3fc65BDf958462bd935c32526e 0.09
0x88F786122918FCe4a54B405003AF01AE8a2451BD 0.01
0xCDD1e95372aa4f9BDb5F742315b50a465ca4378c 0.04
0x927469329aAf01B603d1Ed89DeFDd3e81213fE5c 0.03
0xa2B0d171eA161aaCEdD483017671BC29eFE5ddA5 0.02
0x56eb3c6d6e0b8C433F8B6730583F8a0927a8011F 0.06
0x9f1245dD25C27d802b429755DdFd38c49329cA73 0.07
0xA6023D40f110FDE75d89ED174b484251B787Da8e 0.06
0x6F21649a88c25F85A2570Ffdb3267A3Aa1AF96B8 0.03
0x56E5003EA1170e91654A6648B82F747FEAa14B85 0.03
0x9651dd4dd5B61D7e6c6C631209De0D51B294A0f6 0.03
0xb275a75815876746131b43041c9f0a1676112c3d 0.04
0xb7196fc32abdba3302078bcd33b0730260601648 0.04
0x34E8FDFbB9aE1A76bAfe4642413ad7DDaF70bE83 0.03
0xb1fe952893d8750d9a28198d8da3feab1e48cf31 0.02
0x77D3e36E59eDAb6BE7bB46452d71F0d40519b1cB 0.05
0x60908888a932Fea50085cDD69aea881936845952 0.07
0xCf31480877Cf582C4f0c838D1F4BC63039F7fE5d 0.03
0x5d9b931b6A9adaAbf57E84cFCe892F6024EE2d92 0.05
0xF564eD9c50dc30F4dd2f28844F745BE544bE44e1 0.04
0x321ccaf23a7d8a6fd03fdca471b3338c178292eb 0.08
0x710Cf66DfC484904B67C7366fB93D10Ba128e0B4 0.05
0x1957233178F849c765F0FC0ec8Bab179561713B5 0.01
0xf1F453C1B5ac54dC40B066FaeF2EBc12c7947591 0.05
0xc1863B4340fa1d974713205566E062315240E36E 0.03
0xdff5c77E532DB93b3418D0349DbE3d4C5fCF438E 0.05
0xb985cfD9e3f889781AACAb031c46dB92bC8b8A5b 0.03
0xe4a426803D470c9565DEb31f51f031e730321F81 0.05
0x70D39f5C68bB52711DEd1CB9f68bFc0E9151aB7C 0.07
0x3D5E987B0484B0228e840fB87bF83160f4eCe597 0.04
0x3EAcE5e55614a4FF36819157FFCf05669EEc590b 0.09
0x35D745468F25703812e242C5Dc6c2945CdecA254 0.03
0xb0e7847602f81819ce30f258afcee3cfd783b13a 0.09
0x1cE1e652fc2B63DFb95fA16bfdBb1Cf7097A41e0 0.01
0x3A267501135E59EFd2B64E8DC7d8A9c7fF5aAcf6 0.09
0xA3edf19cA755CcD7a23651C871DA0CE64b650425 0.07
0x4bf650a9ffCbf1b1BEA3342e65C192Be8e93315d 0.08
0x0bB646677c69E4f2685Be0ee55Dd1de597F59895 0.03
0x73381e793C17dDed56ac0dbCd5993630AB74859e 0.07
0x226A54283a9CE2fBdEdf0F6B0C6336067be53b93 0.09
0x47B593b267E1fC5bB2B91cCe4E702Ac9D0B95EE4 0.07
0x30f67435D44CDcB97022D7AD46a039160f9c082e 0.02
0xCF1A11ce459530Dc4d5adeEdA40bfE0837fdbc70 0.02
0xC37C89B2475b03530ba8ef52CC29346857D741CF 0.03
0x583ab193290dA065c49ee37B5908e237eE8EF891 0.05
0x080e6073F1B343DfAC2D327CC4410fA2bD79495E 0.04
0xaed4f121a736945fe02134c5f71300b26db98167 0.03
0x3cE3C5Fa891086FC65C00DC25E5025B2d12D50d4 0.08
0x33F3C0e8994f6bbe6878de93Cf6a2281236F89B1 0.03
0xf8B730Df54A08c75dF29b3e8fD8468D37e8749A5 0.07
0xeEA498052A14a38cEBf107d0F0f0eF30Cc674F7B 0.06
0xF510Ea26F6b806E7cE352d8A7C72E0340e1e64b7 0.03
0x38bfab995ae58A009B30e8F79Cc08c768D403e44 0.04
0xEab06d50a5595665f12a59B15e018C9e07Ca60Dd 0.09
0x96305aDDda515cCe5A3E075508FD27F2dA408C8B 0.01
0xF2fAa3cC1B537D22A638dF848764d7bA40C156D9 0.06
0x009Bb2b7aeC120BaFeE0b25F7d86cd457634Fb72 0.05
0x6b80BCD51a42A2b4F9049292A65e9147C1E4992D 0.03
0x822754546405e33aC15CC465ee6890eeb0c52d99 0.04
0xdfA39cB76BE7c6a649bB5215B82D38C054542655 0.06
0x51Bf8f2ebcaF9F0f91Ae0585bE872F5a4656371a 0.07
0x7A51Be93D957a49352f36eC836CFeDD77Ba7b3A5 0.06
0xCD048D86bE05B190ca5C92c6Ba0665704a1e7EFd 0.09
0x09bf755269Aa228200a587211AdA76869c1F7EEc 0.08
0xabc9dd5bc63d6bb172ae48e4800bed889330e5d2 0.08
0x80131B1a904b4F93f17f5a2548F8BbD1Ea173a1B 0.04
0xaa5c2efd116a280ff85421580e08505415e954ab 0.07
0x2a07D21d49711A4AA8ec1e9DB7b859CA386419Bf 0.01
0x8e92fD90d858fBcE62c6B55C50d0F6dFB7390D33 0.04
0x591bFaA5Fb1671946515873E5cb86a61E3286Cc1 0.04
0xCc92Bb6B43339F22f99585De0d7c89336D98ACaD 0.01
0xFe80B12ba73FB932A21a0A9551b83ba6B7fBBaA9 0.03
0x74c1aa751cfd11eb41decBbec328566576Be8f13 0.05
0x6505006A5E88c0a6fd4178Cb1356361F94738d59 0.07
0x6E7ab8B487B4765ce393B6c058491826a43b3d7D 0.06
0xa7f58bfcc07f36ff333463cf8878d393b41cdc28 0.08
0xa91F0450f05A7613daE4716df7Babb9B7296ef1e 0.02
0x5A6f52705F6B1445f061b37Efb6C90f865F5B65E 0.01
0x9114bB59ec6151F09Cd4479459bCd918C21bE7c1 0.07
0x6E6B2b705D3a7384A85265230BD798aAc41ee3aE 0.05
0x047fBb2762D06094e1E20394CC64Eefe94b2D9cC 0.04
0x34Bf74Aaa82C8da1b08D69c841F0411f15ad5813 0.02
0xD64BF0DBb62f381D59CA98fAbbe6D9454329000d 0.09
0x6cD2BACcC1186798d0Cc4D0464198EedF17fA66f 0.08
0x6A5D5793b94d2415af81E4d5cCB168fB7BdA4Dc4 0.07
0xd10E4B78c9856079f725F322D9597f20B4135096 0.03
0x99F909C78E9261c69aCD6E3A3f966907Dae53ec1 0.05
0xa631ec94edce1fe78cd7344a029b6c37c0df7dca 0.03
0xC27802Fb634175eadb1c6dD869220c891A077190 0.04
0x05D716498C99B4538dAB308684EEeEC67D43a6eB 0.06
0x5F86FE1C3D52f2Cf658c87dDbdFb2BcED5965714 0.03
0x5B93CB89E43d01E31502c5e5BE3aE981750789A5 0.08
0x7AfB3d23Fd33c4e0ce97B85DA217D925912BB3Db 0.04
0x5318c3f1c327F6BFaF2eb28f24e84A58c7A3dd1F 0.01
0xF68bccD3f9D64217D702F21035e0A5Dcb1BCFecf 0.03
0x9D787aC4cf8783768D5059b09b10238bef3bCF38 0.09
0x9ce10FAD5FFF361CDdEDC169A0ED2181175D8ba7 0.03
0x3F7b8b241421dA08d919776d208D82712989fb6f 0.09
0xB1B7D8D17c92E4875b6Dea70fe195DC8A8531e04 0.06
0x2B8Ff0064414C1B49358605a553Ef64f38345eC5 0.02
0x47eF2818E13Ef062c471048F8CEE25083871FfAd 0.02
0x81DB248af4c049E441b692c8554759442bA4908e 0.03
0x27eF460ee54e4596d42943E0FcdfE1FC01599e26 0.09
0x376f3443670432807877d6B0680905A9188C6096 0.08
0x91486F26833Bf614ab14A7aDecb200B553B08bB7 0.08
0x12c4D8E2EA036DcdA4e4BaA26a52BEB966a894F9 0.02
0xBE2e38482d1771575506Ae194e4Cce0676272888 0.09
0x6Ac02Fa707deF1751c5CA3e2b600FbB2A772bf91 0.04
0x584f404032B45E18E34BE05dCa94fcaeA17592DF 0.08
0x73D1032C5ab4fD032DD38747048B9aDf442349A4 0.05
0x54eb0c46F5e2B2848c885ff4542B09FAe72370d9 0.09
0x0381a6e94DB460399a4B36601e1686cF94c293e3 0.05
0xdCDA276a6377C1f9a79654ccae93EA54D3e6cF70 0.08
0xc983e563f3ce08F39791aA1aB70c2a4C3C9e073d 0.05
0x3844dACcb2816ED8293362EE67D554feAfDB75eC 0.08
0x0fb1A97e1C75EEeC163d560CCC5DC40051735393 0.04
0xc399cCdDbbC882540261fA9b0E81a14C48aCEa8d 0.06
0x4dDe0f466B07fC5B1702B457cFe37293b0E7E2D2 0.04
0xd6F2C4A33ee4B3E9225015d7f582D627D7577071 0.08
0x1E6ff4F118C0D9473C554257eD99e9f5b8605808 0.08
0x6F86d994368652F791A4E86dA9155B66266F4623 0.06
0x46213c089655858B56Ab1d7D5Dd5c7C46a965c42 0.03
0xb02838C7E43b455A17049152b6c40Ab07EB6B969 0.01
0x38eE8128a055863B3bA247EdF741a39C24dD0cC1 0.03
0xCCf48BE2B2399CbD728Df7699C1B8046c29F5131 0.02
0x0ea5c4f2644864692ab4c278F1286C38F4350040 0.07
0x6213f43FC2E850c2b730Ca2eb6C0bda56CE6595C 0.05
0x769586cEC5Bf6aaa1761021a06aF77125494047B 0.05
0x167589bf67752cCb079151fAC71504D8Bf8Ac196 0.08
0xab7cc4acaa21e9271f7f0eb21c1e649e12c9aa04 0.09
0x7cC43b90264181c791d35Daf57b12a4EF522c744 0.09
0xa541867c7752f665dAe851C524320CcBB802adFd 0.09
0xDD0CAA6042974859f2594103BFf6a4746257C4e1 0.04
0xddC75EbAf7C78c1BAD78f3f55187ADe2Dc01A7b4 0.03
0xa17b6e065B37Ba903B32584A1a6dabc3a4D98bbf 0.02
0xc5bbAF3852a02998DABBeE9025635aE6E13C7304 0.07
0xAf57A0A5D79638F6B5A715A2EA6fD94b026F6999 0.09
0x9E9C79184eeDb077B00db347389907Fb2f9b575c 0.08
0xfd4fa8E38bA83C04Fedc673099d6dBfb56577100 0.02
0xE5A367F856D73eE35aa5b6Fed7BBee06Cfe7Fbd6 0.07
0x10EBBF4904126fEC11485c9Edb36AEe068b878de 0.01
0xe8C35315A967515BfA60aEa153c03CDf89fC3cab 0.03
0x1f1545924998cD0874032DeC9E625a65e7d9696C 0.08
0xDC6ca40F4D8aA6A0c156EBFbBc154c4E51Ceb226 0.07
0xac7949eDc3f9179AD26f29b7dCD6004CCfdc4A5C 0.04
0x0FE441914d9fA6f208e2c326eB12D6fc8c1d9335 0.09
0x16136C571Be6B3D19A734576269A3A414A7f8216 0.04
0xc7D11900040529F38cC736Ed0B64C9d29Ec0AB27 0.03
0x7C277766D089925C969E022470B60b06b50c77db 0.01
0xda24C18F943E3A4a09F85d3f8Df0DA0FE2514EAe 0.03
0xf9b0134147F931300CBDd422D18Ab88b934883F3 0.02
0xa9CAac240E7C186aFb4aE5e832E20A541D5D357d 0.03
0x513b4838cd6a12AA15A46f31C31724ee0ff2C570 0.03
0x92Eb7dcAB97C2C3009ebF5839178b9c9B4223a1b 0.05
0xA31Bbae40C8AEf76D2B940cc38f64665E678c2E7 0.06
0x633De3A421f08A8B9769E1516500D3c8cdf6565C 0.07
0xeF0eB42e956e7Be3D779a837cE977f7129Aa272e 0.06
0x0C86Ca9777a4A3dFdbf512acDF0B6065836e98Ea 0.07
0xF93E581417916c3e92cA89E993c01Aa195955ff0 0.07
0x5c21c5c09Db8021B50A673Ff6160aee1C4f603FC 0.02
0x360102cd3A57c5062D67c6f3a768E50804F42a87 0.03
0xd8b94f33C38B35b8A6bb9B793C3957Ebe87d6048 0.08
0x2d648bD013BD489Ab72825b90682adb5803d94Cc 0.06
0x3F8Be34969b7284a38Ec47910571e782638D74aF 0.03
0x9417061E06793eEE94ffF2e3eBDfBd03d14beA83 0.09
0x032Aab58b8225c2d9dA156CcD6f0e2c1bda19e8F 0.07
0xD5449939C7ab7401567F6B5272CE38070Fe65Fae 0.02
0x5b39B0F6e2abba7ED1b0B1da12cFD466170c997A 0.02
0xc00f4cf61624de35861437E7c04c053aBe921816 0.08
0x4782ea7A0AE78bde58caA0E98672636Ad2b9c4a3 0.06
0x9F72A750eE6f32141F0BD2322BD10A9b08880b42 0.04
0x4eF01cbbCE6ACA450c88ea556b9558D2Aafeae50 0.04
0xBBB3648E14c1394104F622Df2583521767526DDf 0.04
0x5f4a01183234DaB852FfF6e746bA6C084634e02e 0.02
0x2dEA2A8288EFb72F6813E92732d84E24E07e8E53 0.01
0xCF63Dd277d0add443450c4B0d89868F4B352Fa52 0.02
0xBCEC4f3E9AaE78547830fCCd5b3AC3CADC7Ad370 0.02
0x0e552c86ed792A3b3958C8D10A0023Dad20301A1 0.06
0x57dEEaBD7927A5b9959dF01E54e46De244F412C5 0.09
0xDb32916f05F3E6c3A102E8bEb15756335f74c8ae 0.08
0x8786CB3682Cb347AE1226b5A15E991339A877Dfb 0.02
0xd629B8C1B043d3DF8618d71cf98486bAd04b55dc 0.05
0x764Ccd438bE8740948C0bca8b00f0F4aDfD15641 0.01
0x727c473cdeEDc28Eab858c8E86FBCA9ed5a98Ceb 0.04
0x3Ce429ff5213a0f84f18bFFc10b23760911560d6 0.04
0x8335Bf4248D767dA9c2188311FE90Da5E2065E2d 0.02
0x2AF0Dd3D60A35ec996963Cd6A9d3D44F98ED54D1 0.04
0xD19fF7200a60C75a8c26866bED784A0FB1aE1037 0.02
0x2F386F3C310fAa34aC16f2434D6622036412eFa7 0.05
0xA259D785C98BeF5A73f4e818C9B862b0B56E4F72 0.02
0x7750228280228eee65060DB4FBaB846f583fffe2 0.06
0x1B684027C5c3C8d37b5536c7C48B1F43768f07E5 0.04
0xc7718F4d0eC4F22Ed54C8F7A66Ab9Dfb707AbF68 0.06
0x8c61E31930273a6E9DF6B7be3ff89017ca17E0BD 0.06
0xC02B1c3BE48Bc693Cf89f81141441301dc4d8883 0.01
0x436A6aae199675C556cB83E212933169FB352D5A 0.07
0x14f7d435ef026034B6247fB3783618289D02901C 0.03
0xDC29Ccac1c31222ba4306a2021010B89C6692D44 0.09
0x9ad37f2BDe23D75D7c6066E780fAe0Cd6d44389a 0.07
0x578CAFB054e283aF5577bA91CA326448239d554a 0.01
0x89dA2660Dea6B13CaE4dC563b7Dd79a03522F749 0.01
0xD4DDCEa1aA635768917dCBE22bE8673136dC1e9C 0.02
0x0a8ED33ac7eeEc133E31A1465328E6156793740E 0.07
0xF2c4C74Ed3b0AAEf929234FC1259AAC7dd67413F 0.02
0x1deb387eDBFD2C2493444101aAaaF90FE5e9Cf66 0.09
0xe795f311660fb92d59b50acf2ac302c1b688bd4d 0.01
0x864787AFE824C55437Dd9323B52bB295388BEBFf 0.03
0x9D323E44aEF80b04B71825511F79157d9F08CC2B 0.09
0xaCb894Fad0b7eB9A6dB66c931967F761fE3e3e2C 0.08
0xe4e21D8613270b4f10eC464d8C6AD5dE98baB1DC 0.05
0x0ebc42bCD3c5aC3ee38dd228F1e32D9D0c5F0a1b 0.03
0x0D9Eea81A889e3c003155B2a461b7aFe05d7441a 0.09
0xd31C9f73c1c0b751eB0981c89444fFA224CE6D6e 0.08
0xd05109770E0753DDEC05C277009284CaA06E5219 0.04
0xC190D46e532C9FB71BBF8CF4bcB879298d8421eE 0.09
0x32Dae4D23E707a423677666194D2cC7CBF47AE19 0.09
0x746d528Ef6948E8D696c293AFDcF0F40463E7135 0.04
0x6A5A9ED7621Cdab8d0BF73ac0983Ef95F03960b2 0.07
0x0Aa30569Bb8C874BA265d563B2A8c9524A407e7a 0.08
0xc86d8e10a4F55AaE6C589C163318701e369A6d2A 0.03
0x6b080bd7bfE5217478D0470f2C19b9Ec3C842734 0.03
0x690a3e54DF27223C4dC7c57D0E40c49EA2EA3cA6 0.02
0x009C508224067C45198EE92a91a7bD32ef09CC07 0.07
0xD2fA2fe36fa1a3C4016DB1031CDC83DAB1cA9E5c 0.09
0x40926a1926a7687011580931E189b600658cA567 0.02
0x39a3F11Ca777B36660e2DCd74A989d44B461e00A 0.03
0x74f77F0D58152490FBB78C13a4E78fdC6DfF62a6 0.02
0x04B7109b3745a181c6dB03a7E4CEf99107AF8d47 0.04
0xA46Bca834935aa23be8e7deF2D1B00B4c3ED1362 0.02
0x5b5feA7f32C62f0F0F8Bd049E38a5c6b5608332b 0.08
0xd7D4F268D513b19977991A4e393850639e3C41D0 0.06
0xd7B0e28aBD7D14e842a11825e88E0Bc739fB1abf 0.01
0x881adBe05104C63CBF85B18318f2768C63BFE589 0.03
0x4AD9db98377F5456Fa88B9Ffd258D69a66BF2F5b 0.02
0x9b1A49470872296E944f67D82781f3f3F4f617AF 0.04
0xaF369ac4d305CA36B3B4fD096436A05d36E6ffaB 0.04
0x700C995e787d24c2bbF392767f3df2af48a0E336 0.07
0x5CA092703646df0A23AF2c862F4871278127249C 0.08
0x6655DC0B643822A2AbDFd08eCCA6EAc592A5cAe7 0.03
0x4A88dA787848093Bc450d1DDE9Bbeb6D116f9497 0.09
0x4D3A1919499d46e883380f70AD107168Dee867c0 0.06
0x2976D24f69dB53D16edf0187aDB8c4D95aFF1D26 0.06
0xD007113639bA2EACb8827308c98A80F3597C7AEa 0.03
0x5bD5D826E4275A2180E8c5Fa3C80a66ca461a375 0.02
0xdf3ae96addbac431a2dea948798ba7f306283a92 0.07
0x009ee0FC3E36408b94969AaDc49fC6AB92D4A575 0.04
0x832a0f5627aAcbA9815d82c9fe553052BE2F9aDc 0.06
0x66bE52Bd9FD9AEeB1A2998ABeb77F98776838561 0.06
0xc82b744d8D0b51F95AED864F5a7CDebd972Fb6d8 0.07
0x495067bC16548c86964AF325ea14464abf53A7F8 0.07
0x3214aEb8751954fc33355467Bc2452172Fdb9Aaa 0.06
0x77EE872861e3B23187Ad0d3065d393f144A94A20 0.09
0xC345FA2598636f094ca02C6B6684769dbdeA9e9c 0.09
0x2F3DaE18D03e2c5aEF9FF3511EcbECc3501c087b 0.05
0x36605670b120DF7C2F5DC90Ccd425B3b93Da90Fe 0.08
0xDF9E343cC10A4571a21C14EF7e9d8c78deE27893 0.05
0xD82A473A8b5241882685FA168414bA476b71f870 0.03
0xbc0C25D65404ae8dA01FE5c7b91ed127cd876429 0.01
0x9F6257d23183BC9327CEC95327680C349Ac8C2D8 0.06
0xFCd2430c54EFF852D74Ec926666E7a918D225872 0.05
0x4481f45fc574aAd41b1A5bB84e3092e298A73001 0.08
0x52D391194b0a35cd3448E10cf1AC81a020754e8D 0.05
0x88874B8bcFBb9d830A85Aca70A921B1BEC8FC005 0.08
0x03e2eA6924bAd588fFFd3dCE6e67E16442481bF5 0.07
0xe9c84e6DA31F0a4D30bB3043662ae4322768e6c9 0.01
0xa6B980425eE7ea4f19c4E0cB097C5A508Fa0958C 0.02
0x16F38c85C2204BA32CA1f5271c571efEffe5788C 0.06
0x29290a709C2128b3294dDB3cb217104011053A3a 0.02
0xFA041D05442Ee06b87Cc2032123801FeEB5b4c73 0.02
0x37077F17393f4bB5b937b061a49976F46D13f0a7 0.02
0x816d2027648F70bc574796d3ecE1Bbb531b3B602 0.08
0x799236f6FA5E480D2fD44a994B7DBEBD454BA1C5 0.05
0x3B6Caa09F8f4EeBC8b7bb17c099115469a733E03 0.01
0xf12dd24362f3f8cb3cFA1365c025E53f30A1B7D2 0.06
0x721185473C18EF3E0902Bfe85Db33c1305dB64eb 0.06
0x94d3d12a06F428F18f6b91C4884be601FAaDBFaB 0.05
0x7a6619FB09324FB955cA5e0da4491A0FA92723Bb 0.08
0x867B3a9B14291cbb36d479D2BcacAA423b43642D 0.05
0xcF47fC74f0A4FcF919bf2140E3775D4bABA7E8F0 0.04
0xb5E797E7BAcc1a311652a8C06c748482E0de27c5 0.03
0xCB37c26D76013ea3c9d7860E25DC17Cc763f54e7 0.03
0xd54275353d51CE7BA6dB628251C21F150Fd5E474 0.02
0x85ab00ec48262bca40e9d5d783dbf08aa59b92e5 0.01
0x7B42F30a7DC7e06F49097774fD256F2157d5714A 0.07
0x97aaba3716aF002CbFeC78b2DDDC8cf70C702101 0.07
0xbde6737794ef0D13Ef7f97b244Bea4fA7680A1Ec 0.04
0x88f0584403ff5FbceEEF8D4CF11A25Ca555aB373 0.03
0x8a7F997bd25d38E72627b1130744D444e0b2Dd6D 0.05
0xef8C7Df2E961201484F0cB9B883eBf2921920c6a 0.02
0x2cfBaBc2239aBB23c9e0cc6Aee2D7E6bBec857FE 0.05
0x9b196a3068Fc9b6F864a4d2EFAd8c90da82E9f0E 0.01
0xFdFCb2EBa788C1f5D5E0427B95D535b736ca2370 0.04
0x4eC63C6dE3b2C7405d92F80bea44A45FFE4C25f6 0.09
0x9f8f3A1654fCEcDe4C4E68136614864dCea07eC4 0.04
0x2b3447C7eada375da90A0bC1CA58943320C74938 0.08
0x753450d222c39AFE6d5634cacf9569310610D803 0.05
0xF8CBe3Cb810126606EDada1c7C430C73168d23e4 0.02
0x520694609B62c76c55De9b4cDcD56AC52F46dBc6 0.04
0xEC2AF4b57c6f7C90578A0647c556878DaFf697FE 0.09
0xb34997eBcDf695Bd8355432DBb8FD9c2C7558129 0.01
0x47D4B22b357A56937373bD8dAE16Ca95041109FB 0.06
0xC391996a6fdeeD9Dd3e35205c0B008F1fa07F4f1 0.02
0x4531403B88b9070019e23A4bBC71d69f3F988d06 0.08
0x3B7B6E408826573dFD326A642dBA9d81c77f16F9 0.09
0x2f4497f1bDe15a5978d52eadaDae057cF2cC684d 0.06
0x793C03969E570119809BFB75D2305645B6DF37a9 0.05
0x4F3a6c22B46127554e9876406c5b55bd904D0422 0.08
0x83fe188f7655706677cb4b15e991da226398c094 0.01
0x2f6bfF53f7EAB001785ae378EA8F543d2aeA0f5a 0.02
0x56EcdF8017eE0fd72D111456F9bC957Ed3C6C9a5 0.08
0xfEdDbd02F44aB626f119Cb994eb73ae06c55D8d4 0.02
0xfD36099cCfF40e2d27d8cd9e691BAa5eCE04B13e 0.09
0x5D379984C5c48dCa37D5c787Eb65CA4b79508F05 0.08
0x43a002f7E3E906BE41d6B15E811779C798a4765a 0.06
0x7d9eB523b48430eb3867e8ae37FD991228a1390E 0.09
0x7b86C937Fc8853f0d6aB01c78b7463dDEddCcf8F 0.03
0xcA9E6C66929AAb2A76D5a03b5dd25388652a0836 0.08
0x01995786f1435743C42B7f2276C496a610B58612 0.01
0x83048ed2243bb5d0a3271da08d1ba4ae22adc60b 0.02
0x92Bbc47f8678Ec4B5dbceDA25164f9663e0D06D0 0.03
0xABda3aED3b1d4603E11032Ec12b80582CCD3dEad 0.07
0xDFE97f60d98004eC7182bb8a16c47c54cB2Cd2F1 0.04
0xe6eF379C6057876540842eBcD54Af3E9D1b3B33B 0.09
0xE60D6213f979DDB18e5Fe864117f8Df018BBCa18 0.04
0x6AE0FB25E96D10e9a69fB2AcBa6167637C7152Cc 0.01
0x5B8A179E0b1dF181F925692e224E39f684116aeC 0.06
0xFF6F00a0783FF4238E421578A888CE5AA693FEed 0.01
0x3c656b4C1cc35708dCfC376b73e9Aa11852b2Afe 0.08
0xf2f1f7BdB3EB2120faf1d02e1b20FF822B6Fd442 0.01
0x5EE983D1E80cFE1401431993FD72d64e2d5Af28f 0.05
0xB685BCBB0EDbb8B87220b0FDeE473431c46B4817 0.09
0x7024Af91E6ef827aEC86b4445E1307a1CBbC4FA6 0.09
0x7ae09a49363a706329ff8cee80cc63608a0468cb 0.06
0x64926a4f1Ee73087Fc7A7786e3506C09D6fbAfB9 0.03
0x58262C21d9646755bdBe7597787a2Df13c207128 0.04
0xB1521A31fa5d8a3efE2085300E3A5B6C7f48D9eE 0.08
0x6D10e93471D9a1b2c8d38A0b7ee2597a0D4cF92B 0.07
0xb5848aC1Be8b800a68DAE131e117e005b4dA09FB 0.05
0x12F43a553dA1CeD92fEcBe65190D61152cD3331E 0.03
0xf49a86d0963B0D23870aC36564a956FCdDfbeCC9 0.08
0x2E91d5dEA0C8F95bf9C280842203EE3377521f54 0.02
0xE3fE98A5a752939b7D31a9991688b38B4bBAD1aA 0.04
0xDAc9b4C0a60B30C00b9FfBf846De75C3960b978C 0.05
0x0E95eC482052009F7AD6df85274e093f15e21E1E 0.08
0x75D9D8102a6Ee008E40Ee8Cd6F593F40374b8EA6 0.02
0xe002C9453CC699535558A6dddb2Ba66A689A4481 0.02
0x9793C0E50c0B5294bA06a91DDFC80E69e9501Edd 0.04
0x3c886FbBA820cB3b3066D5de8c10B74601fDEfdA 0.09
0x5446f64d1c33d88630C1302f34CF91d895193945 0.01
0x53a841Ff5eF40720c907cD4d86833B0e674B2407 0.01
0x12fF8C7ad25552b620a334d45dbB532645357537 0.08
0xc8B8749bf17b9AB414fc7F162483b2a7f1a35FE6 0.09
0xd7c5560B4Bb46F39613d14Ed6D6d8ccC3910C670 0.05
0x9faB83C755D99D4052ACF4450491F35e68C08Bd5 0.06
0x2C086A13f63648f1c8D398E94fA90C65990ef6B8 0.08
0xC26D8f7e243ec63c5870FCd4A54c7a695579b8E7 0.04
0xE66F60BAA8B6b0d728cd787e420461aF3cFC7546 0.08
0xde0B3825aA59D5DD3F1b739d57D964290C8b37c5 0.01
0x95ad6AdB80AA3655FADE9238Ca130AeDE8174535 0.02
0xE65b78Ac0A1689B911fAE0bAd79914ef1eFfaA21 0.02
0x5F3d3710B83B36d0314e35Ef4519C6726ab9F950 0.08
0xaF46ea38A570c3bf8dD0290A7512FAeD0956109d 0.03
0xc69a46B5605c63b52AB8951A0d79F23f64E5FdCC 0.05
0x0257A408a69E256997df0cff40D57A394a2BB02D 0.02
0x1DBC9AfA650B4F1b49c91c19167A6f56192cD6F9 0.01
0xc6a20FfA957293DfcD67BBd5Ab52705C5F911DC0 0.07
0xa9a1acd7F192E786f64f964FC5D6d323fdd6aFb5 0.09
0x58F2c4aB7ef98F7DAf868C08A2F83e21D1d2C68d 0.04
0x6d1eF9Fcd53352b85E4F13f28e9CD9f1Ab398227 0.08
0x7a702725ba9d4775bd38d07675568e0f79e39e35 0.01
0xB95928d32555de863a2bF22e9e7eBc6bEED90443 0.04
0x430Eba1D73A531640C8Fb42D7869Af1E35B53d02 0.02
0x65eadE0C362A119d3f258F85fb995712D957cF24 0.07
0x99Eb49621392DC900efD92E4F145b5238f980269 0.08
0x6f7A244082Cfe0942c1100733cBb305D2417Ed33 0.08
0x0FA699182DFa78f1A22f8aBd4c93923dce5d653a 0.05
0xb702B4327eb76ED49bCac23E2abAa24a3058a058 0.01
0xdC19F9B4a68D596663AE4b866fD4Ea6cCD35EAcA 0.03
0x295BADf8a63b08F593F241C1Fdf3B55Fd597B4BF 0.02
0xc6ccA09A8bF1d4c23127ab56615BcdDe940584e6 0.06
0xFdaB583d91E63A1ed214b73a08595A1070dd3468 0.05
0xe4eb5148eCD6a41129F649e6BB6eC0FF0baB1301 0.05
0xB2EbBA81887A3630b390C5423B65297b79f9e488 0.06
0xa15a45d4768aeC991684569a92Dad45a0a8c9Ff0 0.05
0xF56B6ad2Cf45707E0C6065219203106f10615Ec0 0.08
0x34aC4021586d0138AeeeF46db15459D19ABDeCa6 0.05
0xd9092229aaff0cf233a817585676273fef3a87c0 0.09
0x061CE7905fbD8D00b6AfbA616E94993f20Dc5d3A 0.01
0x673acaE69aE2AF52Ee355b7F7659c01b68b76E05 0.03
0xCd4a8c9C99665eE8d96e146420d4340dAf1A2D20 0.02
0x9EA81F219e088b8969784eBa50FBD0af3a7778Ef 0.04
0x51f806F502cD91995d20B0d52883FcAAdBa16a9E 0.06
0xe9A600F7B60742f2b4Bb0aAF17011010E77119d5 0.06
0x9c6a10685F956E92CAC7F819C8829a8abFb2fF2B 0.02
0x027941ABbC8782C1DE5C2D1B5A1a3D6D453E9f44 0.06
0xC6075fB4Eaae7E13619d61D45F12709e47EF9D1A 0.01
0x32AA8bB8C4dCE2677e4786C39CF86986A26B7a49 0.07
0xCf4d32EA3709813050b5d45Adf37859E4027a3cc 0.06
0xC760bC6e60502f0114Fa24e359b7B4e42539b4c4 0.03
0x447bB1b529dBDBC693DC8FdF9792100D369bF962 0.03
0x3D8516AF779B03c47955C940C030F4a6eb921302 0.04
0x62b4A2a1C90390CF172D3625B7Fd3fB659078595 0.04
0x0bF44DcCD1d1b0a18628D72764722b5CC5c9Eec6 0.06
0x3F3847c0c410B1ef3f19B3e424fC95ceE627E246 0.07
0xc74dB0c9E694ceF80fe8C27d02DaE969e3d23dF8 0.07
0xFEe078279431b4d3ccAc99944c4A784b0E60Ea92 0.06
0x5379CeabFe61CC47fa187223Ae98b97d8dF32e0E 0.08
0x41311115931A80bF93c9f5608940c15EddE336B3 0.08
0x1f4Fd17292722F15A7edFcDfAe9bE0B533611e08 0.04
0x54BE429F0B6EA38eAFd9d2deFc7fda4AEae26A0f 0.06
0x01d81463f399351e444Ac40bc458dc36d5dbf084 0.01
0xD7350A2D56f1e2e034d75E56B4d05CBE4404C155 0.01
0x8941441BCD5bD46E078E4d565DBD77d6C76Dc3e4 0.07
0xE29D60264790a65108009b606471084EEaB583E3 0.05
0xd5AF150E79Ab52859f28Ce2cE3D47D2fa3721cC8 0.02
0x4ED10A1230c3fEd75e70aF48993eC728D7eDFF7f 0.09
0x4CA56f99ea7A699785755c070E67A0EAFC06B002 0.06
0x2ac3E84766bBD897f79E0B914ab68c11ba6F3788 0.07
0x4f1b68035C5dC746F4915Ee2E01B0E2B2e7BFBD0 0.06
0x6d9268e4af30343b1821713a20b66AA1709226ce 0.06
0xf11021d1faad3b80680a9d16521af39dc80a1210 0.09
0x9c9058133333CBBFE1c5cf9c1C627b36f4D7679b 0.04
0xA14ED475dD677ceC938988CAdF9E534EDCC4A7cf 0.07
0x2a739a5E7a657A1FB8A2b1fc271506c3851B0E5F 0.03
0xB197F4De3914EfD339846AffA223B3C4877c404f 0.03
0x89EDe750F7FB640CED733ea7157ce40255Db1e0A 0.08
0xcae51a9ff77dF695327eB8d123d039945bAA5a93 0.04
0x168c5EED91c02966aa414119dC594b25be1a9C6e 0.05
0x459801F5a38729790182C707e0c79C828E8e0B9e 0.03
0x89134b15d39bDc328d3aE018192467F16b66B2A0 0.02
0xE9B95c138E2157e00482bE455bED1F0F53a6550A 0.08
0xE58a1F4067428C28Faf881cfaF708e1D48C2f073 0.07
0xC2F1f6dEdA76Ff394B0105E91c12b055b404d324 0.05
0xcf191BA0557A71484468c2def57e8A16059B3825 0.06
0xEbF517FDa0fAf736959C9Df88a397F28d02B9ABa 0.06
0x28Ff8044a160d195102366DCa59cA8c08E8A1829 0.06
0x531820c59db24Defd9e9e81358B592dE3129b3d6 0.07
0x8d2Ee4F3A19F107f3DF0dBc71ff589d9e595d0f4 0.08
0xaad1a6b58798a74C7a0ea3Fea27961E0dAf27c07 0.06
0xF470d0F865252263E1C67515AA8e06a426fF5031 0.01
0x65BBf16a7503d52a24b30DaC295655c9a70f1C76 0.09
0x5AB69ac213F8337Bf0DCB868B597255a518DDf56 0.05
0x1911312AE82B88cBcd5cC4d5B883DAA76BCB9eDe 0.06
0x8c24a18A85B63ABA5A17A37F01Ce7619fa01C9Bd 0.06
0x31Eb5917687c32703D89328D6AA3710A256f9e8D 0.05
0xAa910525aEc79F25137F5D3d2960092034Be8a0E 0.03
0x75673BBd73236B029E81AC60d5e15CEe95B60164 0.03
0xe6431Fd2308C032D10acA7Cfd0591064e804E410 0.07
0x1c4aaFA3CB3D28aef89Afce4298a2AB66E407735 0.06
0x30ec2295e9fef575cF0D633d423Ecb3594349943 0.04
0x53633fE0Ec6f279916B8fd911AF5aF87D56492b6 0.04
0xb1dB264db8aFf73b1028947363067B2Acc2988f8 0.09
0xE49b1742dD0471d14931f0339e34dd1F83889C6E 0.02
0xAf5086a727B441Fc6d1BCb04A51d434BB3b480eC 0.05
0x23A6553cAB95904f96fcc5014500Ac45d6897c31 0.09
0x760678D664C4f69Ed76Cc01Bc4C68Af9e50e9803 0.02
0x1F05Ebef369fD7b15538FCc5cDB1aA2E3b17E83f 0.01
0x23E78bCd8A718da31b8123BeB2705A2BD404F7be 0.08
0xf108a33a0C124577f5612A069ea9153952a0dE1B 0.09
0xDC19679B1ab531b1EB868a1E12B8C3639E87e018 0.07
0x00029BBfe21da47e2d3195687659798418575Fd3 0.05
0xE9d69Dc78d6C01063321ba5F7125043dA940E469 0.02
0xc112d86a1Af07c3772506BC84C60eF5646fb4099 0.01
0x87b1ED99336EbbA085aA6b6CA6DFE90b96517629 0.02
0xe1457ea0CFdA1E0b0aA259D3e242C62695EB354D 0.03
0x28330cf1CCf43294B4A6490EB730EFa96ed07B4c 0.02
0x9Af5Ac68E43640db34204B3F989e75Fb622872d9 0.04
0xED0f8471d5D600E43dcfA50462b241Bf85914d09 0.09
0xCEEfE309eaEd7d01Cb7544561b9fD505B3D7640d 0.06
0xba769CE970a1D107A97eE7E24151DEBD7355DA4C 0.08
0x74856314183a02a4A54Ee2E79B09b36Ff4e80240 0.04
0xfaDE2c94df98947B1E4771b509C8b1e3FAc14702 0.02
0xB3C9EC9a631D99264717298841b3Cc69Ff1C58f2 0.04
0xfB35ded2F6B131CE8c876e71B87335d286c27082 0.07
0x622e45aF1aab083ab65398664c138D668ed29385 0.04
0x661a6aff14a26bb0062d48ca8b879e89f4ec9171 0.04
0x7833c9358dC5C0264239fEE289F7fF96Fe370E95 0.03
0x4ab04032F1858cc09f8ac73da219c81238716290 0.07
0x86e4e7756021D3eD87A4D1873A459cB72eaEa5e3 0.01
0xe861569684519e5fD517d0EB3978843645819243 0.06
0xf0D7cF572352A39824D2723A5041c885347C4F49 0.04
0x6d55cB842CcF48d36c1560271c86caA6d4c62b8D 0.04
0xd8F5B8368D52a529e0C4d20b1442a500c8b6c680 0.09
0x76Fe53255f4f0477167426bB2A7d75AaFB5Be29D 0.08
0xeBC4E1fA83FE3B8904caD29350c99939BfcCbb17 0.01
0xeD3DE7F885485D39De10216F29e38aeEA79422e8 0.04
0x2F1C82252068fb6b20135c3dE2DD29EAc9f2f84E 0.06
0x01052505C369979d07C961B0d3629C6EFC632C55 0.01
0x2E2BFDb5F49002Fd1f37AA739D70e23511F48F50 0.08
0xf0b7F06745f5c17C9413787828B0c8c25416288e 0.09
0x9c066636f54e536718fE47C3808f7d1B12f74196 0.08
0x4f4a5be801Cf09b94c1807d728fCc7a32608AdA1 0.08
0x480f43BA7bAe2fd65D7F5158c6a9AaB95E7461d6 0.01
0x537e922DC2E9E0effAfD5d60cA0B67827691a060 0.05
0x0644962aB720fF05D34A1DEd677468A51305e0a5 0.02
0x6A4409A2714543EC70e65c2b24e6cfe2F831412d 0.06
0x575fD0b4702fCf2227417Bd159f55ee7E08f41F2 0.09
0xdf041A3096E92F244D1202bfc0f7F9301B7D98C5 0.08
0x5179720e881B009d510355C34F18D2BE90492C84 0.06
0xED92a9b86cD9bCe9ae2C464E995399fe066abde9 0.05
0xc5539D79c24a6d2060Ad1d82Cb8da14e4D282831 0.07
0xe4854410D0Dde5337460541574B71619f1E5Bd1d 0.03
0xEd306b3E2D515ABDa235C045FE647F2EA3fF35af 0.02
0x11d58c52e4Ce664dab24F15f32F3858A1dd4B92A 0.07
0x74FB39604E91647DCFc11Ab843f49dDc49f258E6 0.07
0x9684088aB53a26fbC688524218Ab3515c87Dc64e 0.06
0x51318Fd328dF483240C159bE939B95D232FdfF25 0.09
0x3DA1EA7E37a2CBCc20a172Ad2A71C079BD714073 0.09
0x0460a09e1505fc8Ce9234bdA68779AA1FD6867c8 0.03
0x31BD8BEe2B1e92c8D7cc178602c9f1033000B864 0.08
0xC31C51b75edf0E623A8A639987e37E83987eB0D4 0.04
0x0846f78d068d069E2B4BA9341320e875069C21a0 0.06
0x7C88db4172F8D310D006dC898E455b5f0dAB5a85 0.03
0xBB8f8751846f0d29F9279c23710cc6d6fA03d333 0.07
0x5dc31690baf61cd302656b7093cdbdc2e7b801af 0.09
0x1e48672a2994524f41D446055bC6f19DBc12E8eF 0.05
0xD3b9843c1203E2DF6d83f39736c3fa41deffdC47 0.07
0x75CFe233360cee2cD7cC849dC80F0E5ADdd206e7 0.06
0xdA2459D32B812216fAF6574C50402F67c5ECf701 0.07
0xc6934E0Cc0e6c97F7Fadb37A6428C84CF8dfA3BD 0.05
0x60C33532C624f8e30158690f6f5DFe2389ebA7a7 0.04
0x39e10e931EaD6b5370a82E28A85D2c1011338714 0.09
0x82eEB05912364205ac4607a9ddAe79Df932324F0 0.05
0x1e1450232d4549A324303781f191604079f14a62 0.04
0x6F3036212a8e5794812682009cf7AECe77cbd794 0.02
0x7cd9A6415e58A722deFeA8462474171bC9c19833 0.07
0xe253Dd70441bE2e8C1BFC209722A16bcA3519540 0.02
0x5599ef98097d373d668853ffb439a9d591ca5c7a 0.06
0x5b7757629fb25fdAd2CdCB82ccd806E52713fa4F 0.05
0x6073D79eBDBe64eE35F13E578e0111DF07086AbB 0.03
0x0DE34eE9ce4D44e0507CA79b021b93aa01548fFc 0.07
0x489A1ed77C56E161f4f9A31CCDa9BA9FE8AD68c8 0.01
0xc22456111024a2e51DbA36ED3685bc52591406bA 0.02
0x4eab34274025D6Fd3565352aF4A40Fd4C953b81E 0.02
0x94c4864165c57E99Cb9e254d0e810f76bc08F66F 0.08
0xeB7b2c4C3e36aDa723Ffe737d846410692430d95 0.06
0xba259C00f927FB9790C56BECF49F38B2CbdA94BF 0.08
0xD732673a215E3360C23f1BF7e17dD2E87BFE2e9b 0.03
0x4E38669Bb2e4Cc045523251bb5f3a090B056F426 0.06
0x60C3866b4eC5230a27fAcB39CA94418C1B1A22bA 0.08
0x81b4b5A51F7425019037ba4A486556B951993E11 0.04
0x38950f142bC58e81a04A64D3F8E3F8cD65b6a72F 0.02
0x4907d7626752627B501dd502eadef3bDA0A08b2d 0.02
0xD3294718f9068925ec3B431bf7789d6Bff99E8f8 0.02
0xD8b9eF5e51B81E11d442c1E81cB3B92225d4bF9c 0.03
0xd611253B592ffc3c5ab6E8ABb2BbbE7aE82da982 0.07
0x252D6677eB77fA33ef717d6b2D1A181949040139 0.07
0x5f242FE67040278009C3c3492f4AEeAd896f9cEE 0.08
0x626f0730C256EC771672a21abd44AED1e2CFF882 0.01
0xd63416e17D8C65E5835770F4e32b239D73912089 0.09
0x000bEc82C41837d974899b26B26F9cc8890Af9Ea 0.07
0xeD0D692dD69AFd6E943e8D2661a486eB87803684 0.07
0x71F3c3A594Ebc09E61db25e44Dad8E1A4a9a5eF1 0.01
0x712894D42b85e2540f2dd8450a217A76E290865f 0.04
0x6Aff71660a2a711D35CeEb935490991d4F718Ce9 0.07
0x6582d49424957F4bB692D31e8E2C56B4613A915c 0.06
0x27aE90053a5A2c8A348BE24d78afE3d8688bab82 0.09
0x409f350E6D3F9654Ed4CA7fFa47be96c2601fd79 0.03
0x37f2DBeA95Fe37394B98b2D70417aacd6fC355c7 0.06
0x1992496A9E2C5582e49A18b493c445cAD5a06091 0.05
0xb329Bf17B18e6b54194c6d7a54eC0bFf5052966D 0.05
0xb01584AB38bE6E35634ca3af782bd58aFA0794B3 0.07
0x13cf212a3de431e099AA64804855d825Bf774C74 0.09
0xf4A263b9b812B5aacC2188989c3ecA092AEC6C83 0.03
0xfdc94431f6da0d5a89a00cebe29df4811964bbe2 0.02
0x117096a9669F25CbD7DDA4C601f9D9BA9FEb5601 0.02
0x26f322664d8dd97A90141E0877BE03eb661ee59f 0.01
0xA8eC90765a4324D16adb00B60Cc3ab061bB8039E 0.07
0xe9De4FedE855CA421749156f596cA9bDB87A9C1F 0.06
0x560CE4609C25dBF6499641A049ebEB2C9A1EE107 0.04
0xDE774Ff0722f4DF7D9328113e21462714A970C26 0.09
0x6c1468Cf692061f15f34E5d002E2824Eb8AF9cc8 0.08
0xf652DD2F1219303EAF7CAe0Ce425eA15A42dDc39 0.03
0xBe274d0427Da2F412F99fB2e9EAB808E124B04eE 0.01
0xB29892b492B67cB91E7A8DD7214442c308472A85 0.05
0xc712ec4f34C6b64990Ad5308CbB50dfc7605C562 0.02
0x192549DD0D391dF588AffA6404985Fb41bb23005 0.01
0xE7a53151E0F186bDA7808FEE1D1CBED233236403 0.07
0xc469576066a6d54A832fF80EC7C11A8cfbF7AB5A 0.05
0x18D0AA151D50deaC44e5eCA45f3fb06d7f6bF3b0 0.05
0xFFce0d8ff1F5811C600E1Cd1a25d2d56cB4D98Bd 0.02
0xfa65f3A6695D6bE2AB0820d9A88001eEaf2aD35D 0.03
0x0FBB993b3Ef5b652d015C000B17f7c84abfa4eD3 0.02
0xCA263B58deEa687E0569a801b55DA6bE1D9c2F32 0.05
0xFA5516A1F4477f010B9c19E81077690c68a28b11 0.06
0x9AA466E5Eda48B81cB1f88c3c2c1dF99772af2b1 0.05
0xf35423D16cA92Ac012bED1ecbE1680c926e0f415 0.07
0x629ddf9565F0A0749236323293e7f777E9d745A8 0.08
0x9E9FAb540063bfAdc4761d4f9b84Ee9492e84C36 0.03
0xdbdD6dA47F14CDB61af2c3E513c9478da4809286 0.06
0xC40E600716c11BAbf0D16F18B35a12a4be8176ad 0.03
0xCE28bd90E80C6d9b7d090E2547AB7b17A8845a56 0.03
0x238eC8054003cc22A31fC472bbCc04FD454142a4 0.06
0xed0Ace5F60570AA943724C43AA76C6010129A92d 0.03
0x215934774f26Bb56882702085ebe911D8e64C10A 0.01
0x11629a6942Fa5b81f36Da5EB13b21532621D2DBE 0.05
0x75EC3A5d8F3157beE9b25B3d6AaFea19ADF399b5 0.06
0x9742B452f1a5db3762823D733793793DC488158c 0.03
0xf4c1c4e1c237913db91DA3CbfFB4c920f84B7003 0.05
0xa6F19692B820eACEC85Ce0e8a1a7D7a55836D51E 0.02
0x0D4B98E03185191F7c992ffd0507DaCb6f9EE4DA 0.01
0xE6bBA87e233F07975a69F44bb365636fEC2ADf12 0.01
0x77F30f064F1FD6159c21A3E14F042fED004B5930 0.04
0x6405021f265678E524B03e7D80bbD302dD2f0c30 0.07
0xd94e9f9813906Ac7A8A667514CB8A8989D65d96D 0.07
0xb2A689691889c6acAeD112a21B2A1982B98ce09c 0.01
0xD571513a2BaBED6f699Ca5dd5d8cfAB6C774c952 0.02
0xF027e0F9c03BBeD1c5f565B58e17e8ECb4abF48C 0.08
0x5ca0Cb4a13d7DE73Ae3953A8F317523C6e0b8182 0.06
0x4034493374c92fb60CdF0A8AC81b8340873CB1CC 0.03
0x19835315b0Bc08c31cA918F2f97aecBD52699522 0.02
0x9bEe3176664164d258bAA8e2e9501C471E6373EC 0.05
0x13930d77055CDc952F4463FC69e67ef866254445 0.07
0xD02636538FD4f2A6273DAC394E1cB103C2359173 0.02
0x59b010D835b3E13bE70390E6e04f4b37431c4887 0.09
0x1ba5fe09ac2e91dbffb6bbcc20cf8f6d3976fc8a 0.08
0xfB5B7Bab8956BceC0da7eA42b9965d0A03bAef32 0.05
0xd3334aF281797D0b3277d733E9e9C894c38106eC 0.06
0xa669b87E861d4a25b2128821778Aa783221105dd 0.02
0xeD795219e708a949483139AEEFF69e9c3ff823Cd 0.07
0x751Aee48Dd66746e982371cA4cCC570e457B0D0e 0.01
0x8D8967A2829a606Ee18341DAE1D8bDa9eF459D8d 0.02
0xa00a76D127cB4CeBf9454b7f8081E8422F0aA3b0 0.06
0x56bFd487b79F3d620B452c8CfE58128512c20629 0.04
0xbEbfbEB742D0cAA6f8Cba6aEBA25F0f82C1e86ab 0.04
0x45565707Efe411b2a27C14bdfA3F44f5DBA097B7 0.04
0x9cF4c3A8f67FEFe47205D89Ead8FEE6067Ee46A8 0.07
0x0b15fB391D58BA05800E56716f8a12dBfD611bf5 0.04
0x41e9726C1A860b0144Ee686Ed5282F11A80096D1 0.08
0xD517A749BA50b749b7263Ca25CA7d4223715817e 0.09
0x5C74C9818D7c8cC2c354f72B3fe97DCee029Bb8A 0.02
0x07b16ABFf31aE992C83137DE7f31437D3681775c 0.09
0x66867ee7B455DE0ad5C7e319e4a4458A6710cB45 0.03
0xbDf5FfD39457C921bD914864bb3635AFa0c5E617 0.01
0x5fc67BC03020bc4aFDd2d2df601024cc0FC22C3A 0.01
0x4aB1cb36EDdF0886b6550B6c762d97210036cd92 0.06
0xa5DdF520268869DcC3c645cFE362BEBF0438250A 0.05
0xCb1383997f03CbAcA52D70db41Ff39C84D5899d7 0.04
0x6FE0318A32997fbF91033975fb3b2F42298CdE98 0.01
0x47C1a4c708359b0aC1eAc4c0033632A832aD72D0 0.03
0x9987ac59d5E3A086d986e669AC1DA4Fc256C4542 0.06
0x08aE89FEE1D15Dd0342aE72d2788D613ADb33FB0 0.03
0xe9FBA2DdEa0A88701332ea1A600f250e21d06b72 0.08
0x047bb962CD288384e0cf4f408Ad44F7dE0145ef3 0.01
0x30E923Cef25cc470C653b22b1059fFAA8296bB6c 0.04
0x5747C3F1b0b8Fb7cD8deAFc1A044364589491151 0.02
0xc997eDddEA7066205C07677072F4180932C15bF0 0.08
0xFD12055095Ff7019B49204FA0e15282039346600 0.04
0xaCdA2fC56d20EF43447994ACaBC37b290AA89EA4 0.09
0xa2eE556feb22E9331ED5d1188Dc01e5aaF5e6Ae1 0.09
0x2ac5881664796463295ddED334d4F199BF0Fa86a 0.01
0xf8BFF517C8890377f34300c84387D71dDD09293D 0.04
0x852a029BCf33F2554daa87b1e89f4e08c10509B4 0.03
0x6a7d817FEb12838946eA5E86403E74a2A771C228 0.01
0x2bb65BC7f114E55ebC616f08Ed5d84F4AC4F4e24 0.08
0x271937489Ae59C5Ee9dE95817915B11aA327bFA2 0.09
0x167c0001F9e93D8121a165E79721404EFB80dD58 0.05
0x4ca3617C1D4CB10751dA0b0d638C42e63Db49958 0.07
0x505B48E6122B846AC1C2B271e48aB6cBb0bD39B7 0.01
0xa0C144b4912C4C3aDC413e4a7911fACb40dDA6B4 0.03
0x8ceece10466a5857ce3d0d913612da25f84386ec 0.04
0x1F06F5C706241fA91c371Ea19d159CF20b38dB0f 0.04
0xb4E618D1028eef165955f03C5e4d83B7346665E4 0.08
0xA9b4E0336E0E95016dEA96e27fDd45055e8ef21a 0.01
0x48099c8cd1318170ce8ed9e6872b573fe8dcf9d2 0.03
0xa807714CC5A22De6e92C6b923C3dF0f71E5B6A9A 0.03
0xe6cD40DD96A428c176fdcDC94051067c798979E6 0.06
0xe9D7e9B95256A429B5cbdE26eD1401cD5f8fc4b0 0.03
0xdA2b55D2E95a131CcB14492BFcc501b42faF92Cc 0.02
0x40cF1915DFEc349A86c7529073412AE0CfD5AfB0 0.08
0x0Ee9e77d7c84890335ED3897357E307c620A047A 0.05
0xd047fbde0A3696Ea2D27133Bcc7aC054B0AA4dbc 0.05
0x7Da60579c54876bf820397B7006F73b15E526007 0.09
0x66B162E37Fb77c5C5D921fbAF44158cE76a5Cb84 0.05
0xd49fDDda0E66F59b329d74C32B854203a146Ba81 0.06
0x92aab115370988b01271311C1D4ab5AC7C41ee5a 0.03
0xB64Ca5036cb9696A45F8f525656E6A40494dB9e9 0.03
0x710d2fab0cdb48Bf187CF2C9C2055a7e06757621 0.09
0x62736f32d67573669d423281852ea49572c7A299 0.04
0x177fA8c70353B74a20031FCcABB9204E778b5446 0.03
0x6053D942061a09c0d0BAd0eB0ccDcBB428099A45 0.01
0xD61dc8e54e28790e85583451f9CBb65efDae7628 0.09
0x57441ecE2Ed14bC04684601DbEf8C46a5C4a3bB2 0.07
0x54797Bb8edCA3656206b573FBd3F8dB170550DCD 0.02
0x465B248ee5195AeC6c12042665D2f597c4f35cc1 0.08
0xf065cd5bDd2A45c83c4fb6499226236b04B5d61C 0.09
0xBA92467018D23f9f45D74009B515D5374eA98360 0.08
0x0DdC09AF58dAA8995D4Bcd12Fa4a28968b8BB1C2 0.01
0xdB41ad9bae58827cA9Ef265B9417a08724418Bb8 0.01
0xf924C77E4D806453b456b3d862983E7F6C4Fff85 0.01
0x2A30a59bC8954C07fc678A9646eCB53E343FfBf6 0.05
0x0880D2A7f3669437e0ED69B1F0fE6101d5561CE1 0.04
0xE678902950E7535856e9d7dB6873559B86B143aB 0.04
0x0F591947Eab2b009E33D2d7CF9F2E2A8ec17dbA6 0.08
0x62a75401c3cd864CeeA59CCE7A7afC28117fab34 0.03
0xD6FDe860a1e1f0e61549E1f3cAf1C8499c1a123d 0.08
0xFF9d9C03083f24f9667D37b4C49e8620b647E2ab 0.01
0xd8EECE02E112ED4e423239BbC37590dEA783DB25 0.05
0x62d4A6540f5d867D4A7f568Ab92C4E5CcD9413E7 0.06
0xB973224923e73aE3D88795fCDB2B63419a0429a4 0.06
0x98f0F7C551FB3ebb3651457E8eC62F79282A0279 0.05
0x0ebBDdDe7097d4Ac2E943D74EF8331c455c5Ed9B 0.03
0x36df88363CD6CE10023704EA3a3777C3a473Fa40 0.01
0xFF1Bf78D7d9FfEd59FF87C98E41d599364379543 0.09
0xb220C7C20236b1f596D2b36232e698277535775a 0.01
0xCE64519edECf46092994C085B1299582fa5Dc14D 0.01
0x05c000815442Ae99Cc5AEDb90fD436cf39ab9405 0.04
0xFB5141f733447A8a1c1a06F0bd1895Affc324429 0.04
0x0a2F4963861E11d2328A80FC87392403eff776E0 0.04
0x74d818181E2db67a8c5db511b8b4EB3905F17029 0.08
0xA74DA0e4530FDcF0cfcAEC3e015B8c7A3E765237 0.02
0xA56363B3E754A79013455D8558A6DD1ECF37c6C5 0.05
0x391F9b43042Ff5465732ed71b9599d1B1C92aABB 0.05
0x8C24472CBF3b0ab74d4E6F27DbdC4E9c01163eD1 0.08
0x29A82884c0C985F9ab49D721F90c6925ba31db7B 0.05
0x088f82c060321FC9D21047e0320ef054Ca3820b8 0.08
0xc43e64f5571AaBBD030BE715AB76B9A88AAef7bF 0.02
0x4af410b6460d23DfBAd4c0b6Ff8ACc418984fABb 0.09
0x5edDfac0C8bDd2E57670a5CFC0eBE7A3e803a7F4 0.09
0xE68ac22a49d232e7Ce7b777073382D786eF581b4 0.04
0x0de84f0DE1b06A4b908f0E1d2498702798acD407 0.03
0x01f8688b9B190F230914BB6438D73EeB6BeB85DF 0.09
0x1545033cC3363e89c3ad22f423C523497d67a716 0.05
0x45d326ffBeF4EEFfC6B7B15889d0F70954E169e1 0.04
0x77829B35657500DE1645510B6aC8b4C82e7a7185 0.02
0x9FC03c108aA084d27fc2e747c22F62Cb72379CA1 0.09
0xC91e9bCdAbabFe00CD2347011e85f99628Af0D62 0.07
0xbE0b20e2683D827495906Ce3d4317dcF2A55122a 0.09
0x7f7bB0799b0A4cCD3F244d921d44f4E228D9e50b 0.06
0x3d7B56Bea06351aF26eF6E647266f52A77cA7688 0.08
0xE4c0E66764ec095f53f0FE8cbb32Ef2A33A97A6C 0.03
0x3ba508fa82c1654a6fa918108568c94f41b0950a 0.03
0xce69f68E20Ceda72eFB323dA59803A8B6a9Ad780 0.03
0xDA0bd71A9e7367c034c5c1845ce3fc6F040333bb 0.07
0x9932B53027432A25887476fbfa8dc05d52be9371 0.09
0xF09C1Ed8c1e78Cfa2232024b13cb63d60c7fE6E6 0.06
0xFD05D1D36FEE4fa04312a760E016d96FB5e207bb 0.09
0x00B22cDa9Cf6C000bAe7498d514EF6C1A302Ac28 0.02
0x7d5bE040c1c8776d6600D3e83ca20579369888C9 0.07
0xAb42827E0c9478fB7fC8ECfb632B82c74F318f68 0.08
0xaA02b2dE6758a953cC6890216245Df20865669eb 0.01
0x9725cA1FEb649Fa835F515cc23DCeB548b39804A 0.04
0x045D4200B2BE2cf7D09bfacEFFc0B3fdd7f25936 0.05
0x70BF07e3FBBd352d9F632dBc242E27D6789b41Ad 0.09
0x372137536126d3a35356d138bca1bb100345e528 0.07
0x2fD537cBeC8ecDA31b6F2411Aa74BF9D46957d6F 0.01
0x6053c62E5df023Af25bBe8c9D66D164CF560D923 0.09
0xB3Ce2692465b6f2DEDB7e2af66b9E6a2B8eD9d1a 0.07
0x70Fa65830aBbe6969e686c49c701a30A34bC5d01 0.08
0xcFAC6774380133BE5873B140Ef0fA90d814c58bc 0.05
0xD93b8409D2D9235b4426856818D6F6DeF06a4E94 0.09
0x22379e471a7f227fd90f8bf439896bcb12150953 0.05
0x4cc456504FbD9985F6D19B7b2304bc024D4c3136 0.07
0x19ADf68c6a56a1ffB7ABAb007df2324D4f8363CF 0.06
0x50c55920D302f5686e01cA93DeA7d206ebcB7632 0.05
0x3c29f5988db0fc9b4ac73f8c46b6cba2ed7580b8 0.04
0x5ff87C4007222544392989571a80A6415D7732AD 0.09
0x6C72CD8E0133Ba25F82815d6223DC508e98f4692 0.08
0x8cB9C05c88520CAe960250f9651262716f7a3653 0.07
0xC8258520FF5bEdCDdb146017B46f1C85Bca9066F 0.09
0x530c50eb3efa164C4AE565c0C909D7Cc02098Bfd 0.07
0x0CcB2Eb9C4BFCa7502D449070BBB63563C5D44D4 0.09
0x18E3Feee7ABD5AeC32Dc4037a0043734a46b858d 0.02
0x75DfE24f57dD73F093df3dC63F67aB8BB121D9a1 0.05
0x834050003E3D65f56E24118508d9Cb6d04038644 0.03
0x9006Dde23f3946405596b7528c5bdCd29CDA70f1 0.05
0xDADDB64E5DFb410DBa50829A10C9219bAA159FE1 0.07
0x972F4aCb31B860E69D9beBDD1CbB9ea65385E49A 0.09
0x314f89823e8ba9b7714e736a876a87d667323d09 0.09
0x43EE625cB9D63245D31bDFd590810FFd1f72cbE4 0.05
0x302b30004f68d27e257f9412a884cfbbc12ce924 0.07
0xa5D43F0f0e759B98B58BCAB38E3964D1f73c067D 0.06
0x6D0D543254eCF710a6Fc042D0fc63fab1f23C7E6 0.09
0xDf2B1559D5f01EfDd7b103Bd7335deeDa2800515 0.09
0xD515792a8974f57A59e6cAC35405Ca703085dbd7 0.04
0x847fE910597280fA9265A2C6253a964002B668B4 0.01
0x623415e73a41F32A90e706abd9Ea71349230039D 0.08
0x2DB1d773507E79DB913AC627F534032E646c9991 0.09
0xaB8EF587c791dc272238DcBF0D6c4e193bd37103 0.06
0x875E1DB0b60141F672f1994D3B01a66AAf56B0BA 0.03
0xDe8F3E341ac9f3e03A25C56B1c4a56a4e07cF3aa 0.02
0x5ff234A27b93Dc5f205EC9BA711D201cfe6deCb9 0.05
0x3475d94c11344efb8c90e8afae85e94e5be4f90c 0.01
0x2335e4eF4e8476369AD0bF3017C5F411097c8F8d 0.06
0x46cfBe553DeFcc7b08cAa686FC1AB10f0F18FD10 0.02
0xA7E50fe3EB27CEA9218607Ae6D3a13dAe58d8216 0.02
0x558103abE0ac81321e84C2B9121e0936906162d5 0.04
0xc91f2a94d8941cFc4366C50E0335c29Cc88FC159 0.08
0xD6Fbd84c597e979A55f9fbb2fc04aE9995aC3e36 0.07
0x35602A023D969E07fE37f393c54e3F97C20A7EF2 0.06
0x6EEf0404537dEc7ac5c1B7524364c71304e6b226 0.07
0x5494cd9964CD00eed2f29d876852a3f72412AFF2 0.01
0x5F733316fdf642183Ca7898E2391767fC004F7aB 0.03
0x757a97474013a40eBFA03710EF2F886084bd185A 0.03
0xa7b5400973EE73d360F4aDC88a011D7Be388FD64 0.04
0x647fdb5393D191119305C533D85A456d26bCCEf9 0.05
0xBc9efAeA8c4A1Cf8176382d5175CAe29829dC033 0.06
0x1206031Fb776970aCC663AaFf41E9aBB672cb2B5 0.01
0x8B341b095E1B5F1f5333a0714439DE190C0757B9 0.05
0x9333f13F9abF937002cF607497e35F797b97F62e 0.03
0x690D2553468c76f27752d2EdccF9048b67844ea9 0.01
0x71b26E1b29983f8ACA0842E9912D127B404adEef 0.03
0x63F50563bCf4D56098fB7287A58A875055e0e67E 0.06
0x60Ef97C41979434fe674957a90228E154AE88508 0.03
0x816CEf6022dC80ac3Ba3D4d8373b7B0e1d2720b8 0.04
0xBe3429C8D64a4d280BC43A35a2F25E9B918E1464 0.07
0x450b89B601EBa313B9fda28F3EFECC55C74A4228 0.03
0xc3519899adbcb4913a116B637253da86BfC43a00 0.06
0xEEA1Fad77Dc8Cb0593eaFe7d10B5BBcFab8931e2 0.06
0x963999100f056302583B6c69f45c49537d737945 0.06
0x8FF5cfb010aD5887f5b226b192f54759DdCAc194 0.04
0x14260eA32641a36d96289f8A95fC16293d8481A5 0.06
0xfBE382a4952Ba3686DFB9154528319aBe2807d1F 0.09
0x8385f3A37e403646ADc86e112aD3451Fbe430766 0.08
0xF63AC5D20C4c8bf969e484fE23AF937a5A5b2342 0.04
0x818CEBe149d354dD83594ea7a46791D9F51DbF66 0.02
0x786920E51843539De69A2068BB08aB33Fd8fb54B 0.04
0xac563aD7369fe947231224EC5cD60525e06BC1d1 0.09
0xfd064F124C934DCb8c770dF55ff8CFDaf5aD4704 0.02
0xCdfDb3800A22d5336D52084768D3eA4c81DE6452 0.09
0x18E71451467a046CeaeDba032dD9BbE740e67db6 0.08
0x64B67A242214478515a003baD7eC7E10F9C9c9D5 0.05
0x77DBF3be0CF16eB5070444d8D1c3D0266DadF575 0.02
0x09A8d5eF8A1B28a4B008AA0AF9f3d5e60B8f232f 0.06
0x6AD303658F68EA40c72b79FCe19C74E93b1DABAB 0.05
0x9c86429F538F5E48E050d53ebd0B0283Bd49F284 0.06
0xde99d97d4A6629C7186C58326274B86CE0052084 0.05
0x47D726f27194D90BDB471Bcc2843A86e89051c10 0.02
0xBB371ad358e44DBb1DD4d5062aF1899e76447C77 0.06
0xAf8F5dBDBdFF1217Cd6E9F777Add23f31f4B04bD 0.08
0xD67afdAaf0425724697A68Ea16632ed7268cC234 0.05
0xB1c66D8145Ddc6ee59A69958a69bD48c2a9D9797 0.01
0x9e4388CDcd36d5210079c6faCB15f80094569Be5 0.07
0x9E8955DF6964d947a972D1EFfa28e475bEf8c1ce 0.01
0x449C5305b5182ed35a0f00DbF15BD564256f3B39 0.02
0x85C4c0C970E24E9F8F86f7b9D37F61A5f7442E05 0.08
0xBFeC387914254506D28EE1046C21248300593862 0.05
0xF19Cf2Fde51E7cFc5124D9a748f45026508f0347 0.04
0xB1936B9dF8A9f074f9173C6bb914C4F7cA814F98 0.02
0xf3fd91A154d6Fd677F6E4DF813C80cc32a85A153 0.09
0x25C6dD9FC7D272e7ac87867cf53ac6747880Eda4 0.01
0x750e8306CC41D9bd06e04E999BDA028c01dA8baF 0.05
0xc6F7aA15301b0aBBE44D6B2f81A7464F86EE85c8 0.01
0x0302BadE74e4b5E396DAa19F6857830fd4A6b25f 0.09
0x162bDf8f1A20E925b9B588EaC0987B86205f1868 0.05
0x6D2fcffcD902328D7e68399319e7c856f64a7559 0.04
0x9CFE34DB346d40AFD86F8C041e78e85168E31565 0.02
0xCCb49DD30c613B3d8f067C9D945E5CFd29A770C9 0.04
0x017AD268A25776432589Ea4bC3bCD5819cd7c1A2 0.04
0x5AF9e67aC3C50aBAe85FCdABdA665b1935f6C0B1 0.01
0xcf1ce0A30C6FBFAEeEd5116C15F0a3918b85cEaa 0.01
0xdE64843201267C53986629BbD3Ae3439f2aa8db1 0.01
0x4F2d43B43e19eC801BfAF72eF6C6Ff511E84b387 0.04
0xC9a043549A127D42080918F1c9d61caC84d3063e 0.09
0xd1A9365142d370B8E64ea75549e06b589590e258 0.02
0x489b1838eA2d1F2Aaca754FD109eCabd332799E3 0.04
0x3794f4F60e89163f7Cd542067c759D12c485c166 0.09
0x4043F2E969E57985496BfBeC89464f5c2Cca689b 0.05
0xb6C0e9B5a4D78138273D8Cd273C35F5FEBb5A0b5 0.05
0x07e17754B283458b7dD5F96bFa0Dcc0b49c7BFdb 0.07
0x452A32b05504fCB203585097222304371427525C 0.04
0x1904238d250767a92C9874A9a80335260c90c650 0.02
0xB8Bdba8b5d8464594ebbF4E8AedE0102b6103da5 0.04
0x28d19ff0f448b6af4197af85375f077433970166 0.01
0x5A0cb025632c8f6Ba00872C9EB88655210e7f16C 0.03
0x6816F10739cAB60D823E6106007937A83155C464 0.08
0x6b188C993176B63c443FdFe8a64de237d25b4EB7 0.07
0xcDC2EffeB049F786ADD17659e22881b8AD177438 0.02
0x43C2837ACD91197aB55E3a1b67Fb6408b1E346fa 0.07
0x32dae9d506D1475F4a41A1869cb3fE78B6a00E3c 0.07
0xEd333743e5dDd21E1b7096Ca5aB02ADF845CFE7d 0.07
0xef8Aee3B1F8d4f4d4959907f5169E593CA58b9a7 0.06
0xF39D8FE02141e58A21f8F55d962762abFAE47C80 0.01
0x294e0991c754E04768C75acCb8d20b90f5799D40 0.09
0x8c967673611f9F59A518C7c37f70A22D0aB64933 0.07
0x313f83107dd31987126695123c67Eaa7a3Fe8D70 0.07
0xF32079e71D3768B24F2C54eAB962395F38F02aD8 0.06
0x15B43F97A18d63410871CC5f938226d871F8aB44 0.01
0xd25D1194CC291Ce36192cC6CF04cB856239Cf296 0.01
0x52200021b594fdE37AC9934C1B3c63a2D54EE1D4 0.09
0x0c80F9b3Eeb60B2BBB4eDbc5B32073B5C68f3bb7 0.08
0x87ACcaa460478Ef906A09dCBC935f2A3C95f1D17 0.04
0x12c7d9BE2A35e3196B857ca8AA611A29d8bBeEA0 0.03
0x0f866417B7d77af6ddD8c717133ff8D0c9cdBf81 0.01
0xC85030CfAfe91E4d320EbD69653400E33c21eb3F 0.04
0x28dCBB6B62D72c677A2B9436dB70AFFFd29Dac27 0.06
0xEEa3B1383B8d5394ee32fD96540eBb4862a89673 0.02
0x37933DE8dC6062F97Bf6879B514031267C1cA579 0.02
0x7B45c424925803000381Aec8e8dC2d212736e065 0.03
0x5b58aFC07c7340378f572d6C4d157643D0f497B5 0.02
0x9D915D5e7468Fd382a4FD6dAD413425f546Cf1a1 0.01
0x23d4387e339A8712AB087C5357E8A42486669DA3 0.04
0xED8A520DEec4517D66919e9d5b0Daf40D5Ce1496 0.05
0x3bDc946dCAE05c304f58617CDf05F4b5F8D11c87 0.04
0x6edd50Ef1050A4ACaD3212EC16362169dadFdAed 0.06
0x3837E7DE6376fA1859260A46107F89d73D295f65 0.03
0x00999D616615C4D18309D11d801ce455e61ebFcA 0.09
0x48e1D6693E9BAFF5E79667B34C912D8b8e53d5d1 0.02
0xC55E8D580C100ca7A6B428143994e86601FF7489 0.09
0x7ADF146C6fBF57a96eFE3ec72613Dbd1CDBb8054 0.08
0x38737A9a6882b0fBbFb254b6e58a6f1aF2b8ED4A 0.06
0x6c38Aa862b719A973734D7536e0Dc399D657c50D 0.03
0x0Aea5e8e22aAD28132a309a2ea4aB69961C05329 0.04
0x4db07345d6a8922637f5448b45ca0D998Dc00c46 0.02
0x40844eF91263872ED4fC4148f1Ee2bE0e4Df4b0a 0.08
0xDF02fbAa5F6EBdBDC41C0dc00204CE6C2808ad11 0.03
0x7BCA044E604246d33D6eF991864B4DB22DcC5308 0.06
0x5bb352b905C21fA082D80Adec38ba5bdf4B04cc4 0.02
0x570A02C7A5DC90026320AdfdE67Dc975131e3139 0.09
0xFEB35Ed13DE0471da7A5B073b1E75AA2eFa385A2 0.05
0x29a59d2DEb220E8c30b77C25C98FaD16CEa03AcD 0.05
0xc093024420b562378E00F99B18FEdb1eDb525A45 0.08
0x376A496F9A969F85763E70bdB4218a6746E04830 0.04
0xaA43BD9F75cd66ae3E0334982493a721B222c75E 0.05
0x824F04b53393D8e990f09cDDff7a0C31C93655ab 0.06
0x9979DfB8b77983C19c3EFE37D9B3B187984E2A17 0.02
0x70B485F83243387458548201B7051667CCF68fD7 0.08
0xFcb7CDb2Cc8aBd438DdBa2AEd9736f292B581CBf 0.08
0x4d3fD63070C49DF8809D08B6E4AA0d4Cc5B0ED5E 0.07
0xfbbB72d8B43bcC1fF0c3097485e71aA146985687 0.02
0xcf0A017b4c45E3f13aE6dEE5783c848813aE213B 0.03
0xE8b358103094D1B983C01B7d954EF846eC3Cae36 0.09
0x9fE06A3f5210620E3fA56169316B43158C1BC2d1 0.08
0xaa80BE385636522d14F14aEA2e684d1B89769fD6 0.06
0x22F61f0dfa56993Bf4D20caae4501Afc1269a444 0.04
0x66DF845C88546f7b3dAbE5B39BdFf97aF1497Eab 0.01
0x8561b51280cBAb207E1c26907F6bdE3B3b941F9d 0.07
0x50Bac0DC268518185Df48bFa007eA80FE77868f6 0.02
0x3a8403C547a417Eb5e13d61a38a4ae4e8A129199 0.01
0x213d2daf6f9d8c5022842eb0b5e9a3768f81ccde 0.07
0xCa4E078246a00e0D6882337e0bcecE1656eC2454 0.05
0x4a3bfCd7E8e9B593710965d8bFca805e4e9Ef46f 0.05
0xEc66f42E05F4dE745E6D6f0cDEA4a0F44b421f0C 0.03
0x8eefFb46ED4207b5679e3447f89B9D9e6762e932 0.03
0x379eEF7836d6A2E4Be2662d20785af4C24E599F4 0.08
0xd270f14B2b59EC31DFdfc596fDbb8910e3387b1b 0.08
0xa35bA0CbdBAD935a1Ccf3223B6269a260d5698e6 0.09
0x97a62825205c98b00889A1D6579c74464788B15A 0.06
0x43153B8bDf532fd755b8fdD1EB3b2003F188434E 0.08
0xCD466De21CB6e9037D7995870aC0Aa899163dD23 0.02
0xa0e55A296b9184e3f731257B4CbbbccF645feCEf 0.09
0xEB3e0DcB216Aa9F6b177D62a71a5e780200dc8d4 0.09
0x08482aEF6A0538A9531660003fAe4e5c1B7Adc4c 0.05
0x91375f4d47bC5b83a43bD16d066b069728770b8d 0.04
0x5525875e172e43a5c841456dC0E3312a9475F4cF 0.07
0x023bD0832eaDed1894350C17104B9025ae292283 0.02
0x4D94D5a57373A3b14A4A2C4A7a34C7F675Eb56D4 0.02
0x190740947EEDb7A89d01cFa5cE41A65b8B5C1173 0.03
0xF01547f7e28bB9Ba18Bb34232e3683Aab30c46AC 0.07
0xF88f960F8c79a636373636F379E4EE00400aFcAd 0.08
0x0FB451F49C82bc0FF7C1Af46ACAa1C070d296828 0.08
0x287EFEa66ab6c289c05aF4eCb5d32e0a2F52D05c 0.07
0x6B90B626F0C1379d92Dab8FCC6B76f803cc72233 0.09
0xd506F5ff3F28545d9C588fc6A978f2e13aed1005 0.02
0x60085DDdd8a4b50217d257aD46C2753ee306eD4c 0.08
0x9dD83E8e98C29aaA61Bcb86D797984463B8Ff672 0.01
0xeCCE27B40696F439D50709f5e24B5E944CF63F91 0.04
0x8d8eD9cD5FCC7Bf131c0908B7b9d1f14f1940bb2 0.09
0x2590Ef58E375E0c0b397Af098698689dE64A6310 0.01
0x17F6EB26b76d8549D054dfb1F58a90Eb86B86dc5 0.08
0x1f788Aa86b43594F3901DC13a7e84a314F2167Fe 0.02
0xc315c7B72f01fa0E11228Bb5EE2751Ab70B60beB 0.02
0x3cc83fFccE235C64784d061B183EA307a69d5e97 0.01
0xDb20CA79c4a99AaDdBABD0444bDA67600739a781 0.02
0xe3A68034b567eA96Aa37675A3ceCeEd56098f0b0 0.07
0xDB9f64659b3634aF5D7Df1bddee48fE64BA06135 0.06
0x06D531d376CEF64670Df2C01698c516ac243ba79 0.06
0xD1BF6ff3BfB953547Bf2F354D8F2D3EA36e054c4 0.07
0xb68a7938Eff791770c32C6c53Cb23488011E1847 0.04
0x701009cF3F604099C4b40222ac72093201132E1a 0.02
0x0219CD1Caf32ffE5DFEB9760e917ce5Ea17c811E 0.04
0xeE9afEB6b2B9c969c830559F6b318D777aC27b45 0.02
0x998d02770853465E944e01D083B7B6f29FCd0A9F 0.06
0xa87AaC72d1Ead9047f5c6064E8CB8baf4F5405F8 0.07
0xf43d200dF2D7C5Efff5e4fA18bc222F7891c7B28 0.08
0xa7B11B5538906275eEA9774f6631A5A81162Ae1a 0.05
0xFf3C3E24C58eB68B936A037Ecdd70e3dB75119E2 0.01
0x7170e44A2EbeA41176E6088Ae17b2aE5d62594ce 0.02
0x2cf6e6c91cD25531Bf6C45A120E1E9746c73D1B0 0.04
0x81F9EdD9b21a306B0224642a06Fb9CBe14DAB96e 0.05
0x5EA7697f536c8EeD1cc54251b7423265be91DFd4 0.03
0x44DcE8D8C6a25B6222CdBa13bA3986745e6e157b 0.04
0x3f9A8b27507F659fD9dc844760815696D350424A 0.06
0x6C512C9E6D61b1DEBDc55dC9D6549F89Df2d1A3c 0.04
0x18861BCB91968dc31F413cCed885ee20acCd32Bf 0.08
0xB4cE962987Dd95Fc4287B72925D9eE7468C0672A 0.05
0xF167e91eABE13e4c9e45563198561905C36288c7 0.08
0xfd1D5334487099e2c456E19b4dD2A5342bF17d3e 0.04
0x4884ee6D934437BE135aFC59012CE8Ec9C5f9349 0.03
0xF02FA5557862EA0f8f45a30187906411AAA5C925 0.09
0xCc8E4EEb471Da8269F26AE3c56c3Ae253bdbaccf 0.08
0x9a21017E072Fa7aBCc42879cFcCF879F7084E30d 0.04
0xebEd0fe2341eBfC4dc1921B54b96385a182Ac4E4 0.05
0x68DFd8E2A8CdC94d46ABF5AC66B12c433aDAb947 0.07
0x3e4Eb0530b06C5Ae63AFdD190B24CFFd1903ED7b 0.01
0xc3B74949B0164e3dB8D89155e57283c4870Adc32 0.01
0xdC0D06d8E26DD6E44c922dfC8d65A916bEfA6a59 0.07
0xFFF7809798ad737a1446CA37CD75CC84719fb84A 0.06
0x8456C6a132cE47c722348d532c174a2D7d87CbF0 0.08
0x1C6446b850a2111DAd5cf66513C0021fb350EB0C 0.01
0x3515bc36166779897A38428fEa56e288788b6B08 0.06
0xFc856F704D4905151F40C631f8e383f1B4Ea3c6a 0.08
0x11b948C338a8cf0aE71586dE354B918ba743305E 0.05
0x5b2D61BA1E69eB1b466c04f91F05EBB6D53E8994 0.07
0xb0712b6236B6b5022e0f6400407406d1250b8D72 0.07
0x447fFa7D086C019851A39EC0d29600076C77C7F5 0.04
0x078b3755c55eb74831731971cDC88FA259a5d19F 0.02
0x82B2a4770E977Af04E06C0bAFB33F80c9A892990 0.08
0x390bb64Aa7EF8875981E5b1A6E702d15661B308E 0.07
0x78a815933E91810D18D02CD1e84F424450D07BFa 0.05
0xEDfA60216018e0948C6dF718bDa0B35Edc00bCcC 0.02
0xa52e29282cd83C9654b4d6e9254e51dC30d982EB 0.02
0x4D9d5905640cf2C98D8C0bE05312E078493BE547 0.08
0xbAB5163E7aA5977D7cB3b20B950c67E988F38f08 0.03
0x633e3Ee0181d404c7cA273ab58c3C036761B29b1 0.06
0x3c71617FEF9f83F86586733CB095B76625f2D154 0.04
0xC51D5104B7A6fD59BBC5A1862A91f8E928e1342c 0.07
0xBf8aEb4F2a024CAB65ADB3528Be39D88c55b086d 0.05
0x377831c10545123DD20FBB2B0b85EE0F5F47d0BB 0.06
0x42efEa5310fE6b0e61a4AB1fBD738F725644500f 0.08
0xbD91833079FcAf43F80289f43A9A00bDDaFE9d8B 0.06
0x6ea10fE37CC5b2a4ED735a399ee4016673a50715 0.01
0xe02E54Dbcf212ae3BD6c131a46922FC76004c42C 0.05
0x337Ef6290BC992Bcf78034c5b4cdC88481FEBe4d 0.02
0xb567bEB35EE95FD24A6dA59F083cb34A9df93f02 0.05
0x2C5f61EEf246A04eF07C1df1c0CD92116DAcCA29 0.03
0x6D70131d12828ffB32599B239CF3D03CB2706Ed1 0.04
0xCfd3fAaDD8fe9c88f85B9AdDE8C1bF03a54d89A4 0.03
0xB5354b3684F773364Ee99Ad62082eF79f125bA35 0.07
0x94B6CF79b52AbFDD972d79Aa67fc072f504b0D96 0.07
0xF13a8AB81AAC57AC0d7c12e2eBd9F2f8C6Ef231e 0.02
0x6653D0D58b2CBdB357066B157Cf8615AE4F4EEeD 0.09
0x4FFDde63B61339CD988a18e0DD133F1174cfCD2d 0.01
0xcA704e93645470dB7c633dA3a78efdeBE3De1B14 0.01
0xECd00900c45c02080854B869339e4d79a69AE69f 0.08
0x9a0A713EaBFE696c2bDfe9fb532E4A24bDFA92C2 0.02
0x6774d9a63689b55ee7b56290d2627866f40EC949 0.01
0x97326B4241c7314aE552F0af3f3DEd3ddC0572bb 0.09
0x8B1Cb439294b34402baa27b4D44C610D78381A1d 0.05
0x8e9293F9E03290d171c45c29Ef3bAab2198ea373 0.01
0x713b6880CD88A15E8dF17f48F55c05c267148b79 0.03
0x5a2f163A51D2C03ea6e295f2F447C872eAf281Ce 0.06
0xA60175b71364Ff8bD77bB3c7C1b10f3d6B63A453 0.09
0x5585b3a25Bf862152e4aDE1C4500fF09C18bF30a 0.08
0x944371cd1A13294bC4d1eE69C1d156623f2371F0 0.02
0x513BE240E047CC273c867Ff21E6829c33120D428 0.02
0x05164f3661d89309F38f058ff88bCa3FEf0cFB0e 0.01
0x93ea6F26FADC30FE47028A45425CCbe8Cd38De7A 0.05
0xe8Ae5F05828De1C605d8bd96E5d34e65B4406556 0.04
0xbFAF7A21fB99ff291e0B315Fa4cEDDEdBEd7f76C 0.09
0x252d3Cc774B8b16eB767E34cE98BbACb41c13553 0.04
0x14cd975491937ac7a0e3e6e1d50c47c410685c0f 0.06
0xD6e0a7fCfD257d76cB7F9413177AC8E10E8b5d0f 0.07
0x05230447d73C22973B38045970490FA109E82A26 0.04
0xCe258322881f601050B0A6aDF7B1A95a61c5cDD1 0.01
0xAC35AdeA0c8b1DcfF941eE4436A6342227997F86 0.01
0xFa6e20621eC885234E89348C3a4F248eB2341096 0.04
0x638C990966CEb00cF56D92e24Dc9FACD45aaf09A 0.04
0x6ea38511596E19537e4D9a558Cfc89277f83e897 0.04
0x3cB93fE9f280ed7B21feB4B9DadA1bDDc6A10779 0.08
0x45648afC638fE885FB019dC6F62ad64Fe0ca5d6D 0.02
0x509dfAc1248e27e586b01A9eB80dA4786D11f410 0.06
0xf15DEDab119631aB3493A15D756188a0B0676d68 0.01
0xaECaE804f6cc44dAAE8651dB16f1e153e0715E55 0.06
0xe8DeFCDeBdCFc8d0518752652e91153f57Edc9Be 0.03
0x80116979F038bD2Bc44F33a449A8DC4d7dE66aC2 0.03
0x16077140d560B887F672f8b5b37ff483AB651893 0.03
0xbff3401Fa326D4f9BB16C852a7f238fcC3D2E8F1 0.07
0x3e0CA5baFF5B670c6a8432A9b4F83322B706D8a3 0.06
0x8efCF25B967E38308DeDA66ddcD748eaDf5A3Ae2 0.01
0x0B732Ab99c078C286b78d313DD71B50CEf561258 0.04
0x9fbC1aAFba85D363301dB92D5A75348d571CCCe2 0.01
0xD3f208bEAc1462B6FcC969508bF3481c7CFC4C2A 0.07
0x3106c57F3f8d060EDc374B3A2a4cF3b1A0E16810 0.04
0x4829199E02D5f6079862824012a862989a840884 0.09
0xea963d8182415e3Dd66927a974Ca111E523eEDbA 0.07
0x152445f4160b6A9B933DaD0098fcb2A99243e97f 0.07
0x955521f9e9c9Ab6b7036d415bdCe09BE6AFD4C2a 0.06
0x63d8Efe3e9898Cd7880E032E46057d2312fdee2F 0.04
0x679ca2f9025642e38A638feF15df791DF3daB1bE 0.01
0x34FEEC9368369Ff0C99e32a28ceA8856610bf10a 0.05
0x807832994Ba40Fd9E5a6179396b8EC1e766a6b43 0.09
0x602a4FaFce1f23AB4B613451EFFED9707E46fB42 0.06
0x3dF240b2817815454902c4A1d4E72A2C72eAC936 0.09
0x8978d5A504C03375617e0c734C7Dcee5FdA2FFb7 0.09
0xBB54eEBF8c118B166595CA216ddBBE9aAf897358 0.05
0x3804468745caB98536DC385A4176EBBaB8133B84 0.08
0x3a96C46a4a81C14c2D9732d9e865FB1D48D2Da68 0.09
0x193396dE73a3180ee7CA33C4fA78cACd5cDd360b 0.03
0xB90494eA8C0Ae270991ff12Cb477a57A3E9ab128 0.06
0x23da4EC447d4d585380904B2B72d9520D9b3EeF0 0.04
0x6Bb476622C60292c451eBD70fcAb65E4aa6716ee 0.04
0x88Ad9014fe3b34e9ceA6cC08B539ddE0B5BC9d02 0.09
0x9F7DE4747796727954866b58F1c051fa62307F1d 0.02
0x3d95186DA5D9c73F8bF637EF80468F76f960a262 0.03
0x2D1052EF1F1DEB15778b3533e51e4Ba925FC080a 0.05
0x79C5072C5ACc3C350d4639584d92de98089F9864 0.04
0xDa3400635864471ecB66fD01747c0670259D62fC 0.02
0x28864CB1d64Ca6aFEc9039d92613b4f662dfb996 0.06
0xBFdde83bC0D0BB08376fc6E11A8686Eb63D4Cbb4 0.06
0x9730b2e8513D67CEbF7E0041b7c7c26cDd3538AA 0.07
0x8b143e371aa688428Ef882C952B2c0366E8AC93e 0.06
0x505caf161B42dDF907863F601C38E58b87626E72 0.03
0x1a802Fd44C100921C44B85fFF1B681D140D2d912 0.09
0x5B829f9EAA2C8898e696C423Bf5Aa2999d6CDe09 0.07
0x5a1E509B7AAC1C6F4a7B46EF564454Ff7903df38 0.01
0x57b4c0f88cE2B1FdDd4F428A8f07d691B24255A5 0.03
0x9C8C6Ab7c42D0E68f41BBd3de7D86FEEF24Ba440 0.09
0xC0Fce80C84Bfca72143Bb8cC1A3F6D32A530aCEC 0.08
0x15a3cc49334135eb2870125797485ea83a3fccbf 0.05
0x7fDd4572411dE42738F79ACA794101894322dbfB 0.03
0x2698c2926e539CA789c92475162575a95783FD88 0.01
0x3ef2B01355E188C429b9d8D1573a1EAC80FdC60C 0.03
0xA9Ec870A5BfbFCbaB28c003b257789D2589A1FfC 0.05
0x9D3229753bC6bB02c459Ab4B200a0b16333EfC7B 0.07
0xF95d7772B31603Ac5e8A76CD8236735444A8eFa6 0.05
0x22f75AB1cd8f5321BF6561Fe7B71198819C34A38 0.09
0xB24f30Ee924DC28E31148c72A180baC610C9e232 0.07
0x5046f907a144C1176cf7B2caA114Af827b0b4479 0.01
0x486274975A1Bd6B94BBF6b8a59D3384F1aa19F55 0.02
0x6e181839B5b2cb34bFBf618A64444AfD4FEF027d 0.06
0x28d0Bee575A15F3543c1460b5930d0125Bb42311 0.02
0x909835B9d035d9b2982f7F44B93D577E282068C4 0.04
0x8d37BaB0Acd656016cFB74758418AD212AFaAA2a 0.09
0x7287eC65f69F702ee1c4b02471Cca5e943a66401 0.08
0xf4AB431a20ebc37A2D2b6394A54632c1458749Dd 0.01
0x564F8810BbA9A904F3b3452263fC77256532f695 0.03
0xb5E0BAF41745d7FC0A56960eDE5c627c72a89842 0.04
0xe86aD40ACD54a2a52259262BEb117c5940808B4D 0.06
0xc5749dB0c9B7E23407Ccfae41090B7B056C63c19 0.09
0xdb3f51108E213ee425809c363fB33Bb838487198 0.08
0xbD008e8778Cb9A115c5F8b562f731d8747277C14 0.02
0xBaCCe35bC3ACCd1b6e5531F71e6A0399fFEF71c1 0.07
0x684232eAE7BDA3f22BF50605dA2827f7c920d235 0.05
0x2Acaf66595699E50C69C6B2d4EE9206704d0d63d 0.08
0x8381c728dc64100B04Ef007D0fF5Aba33d22A0A8 0.03
0x5290712be435BDFfD5A80Cd7E2081F1c11A0384a 0.01
0x854547ffaa913dbe634c73d11b3dcf434e26204a 0.06
0x029f4AD50541A846123481B7a768599aDFeD115C 0.06
0x9fB05dCe78796e6164C31026B35EEfFf798B45a6 0.01
0x3a3A43fCF308d799ad2231716E03165Ab0dE5C71 0.09
0x367Dc4a81F130e124E58bC86bEC90a4097Bb217f 0.04
0xfb4599B7ED08a7068831687ACD375F4704E297Eb 0.05
0x006d38fAA9C5086F447D711D652d5179f3a4ce5E 0.08
0xFC79d4c4C15D042480D30092851f3EDA78314a9B 0.01
0x21ceEf33aD1084cAe7A5dE7F1243899DAE453593 0.09
0xF33c99CbE0BE7B0d8B6aA53cD4AF0018fDB3B772 0.05
0xb8f762272Fd5A49F0489a391d7f28Fe6e0665e18 0.06
0xc7fD20d83438d4cb86Fe8F4B00Af0C7CCf61763A 0.07
0x89F0981ff283A8686AFA515319c549bC5a8a8d6a 0.09
0x0d9004c10b756088147D6a3Fc399bd443F1339DE 0.05
0x2f4c6C542eEB1B34F26A0b41549A94a02eea8F7a 0.07
0x176f34D9aF059B7292b1eDf45De574FaEE17489C 0.06
0x95a36F123A3b098d858Ed0af64C3e2d7fA096664 0.08
0x38EB9C8ddcbf3e7ddF4F4dbb6Afe6522980ec7E8 0.08
0x16782BE071543C5928e1e7ff7928Ce7eD2e40C08 0.03
0x9bc00fB0314d78843437E0aCad04353e80fb88E0 0.01
0x1c3Bf031e0514dcfD1792fAdc78D7118B7eF8FcC 0.03
0x45Db6C4594bf994B00B0D206a4eb1C3f162BE709 0.04
0xF33e72b5BB7c14b9DE842a9A8E21525B250dB6Cc 0.09
0x23a3FA5CEAdC4Acc3e5c9663435834CE8a1D4A98 0.01
0xdf662036d89897028880dfc62a8827e721401886 0.07
0x235ccF65097d37229F09C8D446c96602f4437a1a 0.06
0x15b5c2F72272a944949027a8eC376EABD6DFE451 0.07
0x2cB494Ae8F6feF9e8c5c4214C516225D148b4BAd 0.08
0x09f901fDa3a941B22953D82CEe5C234427Fbe410 0.06
0xD528894b92018e98296FAdF793b41F221460f9dE 0.07
0xc5308C23E7bc6CC003588e555C31ED83dDF8Ed3A 0.08
0xa51b7cae9961f4a3155b6eefded5720ed3c4d724 0.09
0x096f886271Fefc8C2f2Ee2026C2Be7F3A204d2c7 0.08
0xF320F44733BfcF68adE4df0Db2Be0cf6895eDDa0 0.07
0xfe96D1eD2A4C9E60e0e3030609aF0361A515169e 0.01
0x038231268cc038410e8aEF547D2f6434530A7019 0.09
0x21df22BFed81267319A585ed246a3AaA2039C7A7 0.07
0x290861b999E8076A5dbB75d8e297914059abb21D 0.06
0x9Bd00066e935CC9Cef9ed60Cf214B41906bb1c8A 0.09
0x38Df2D26f5C33EbDce0709010868c2596Ae4260F 0.02
0xBB26219Ffe8246B7DaEb9daFB7DD5c8476B92635 0.03
0x66dA44f57BB749149a8099B0Ea8B751475d1De88 0.03
0xE671C20e966FA78Bb05980b347CFc15Be9e098de 0.08
0xFb4B9bD1D4496F0Bce83c71038C7d9ecADc99959 0.08
0xcEc8e4fa4C25A5f1695f2360d393Ade955BB80F3 0.08
0xB3d951798DE6B3d1374A24f060a5C9718A45fA74 0.02
0xd2D235d7f267931163398b653d33DC257657a103 0.03
0x38F15F66cb7d9639076F1056c022F88d859A58a8 0.09
0x79EA2fFA272222Ef10b448bCFa4a787EaC203498 0.09
0x4F31d381Beb535BDe850021c58e98a44d000128F 0.07
0x4b365c65bee5797238e1119e0dd93aeb4c31bd9e 0.09
0x41a2504BF8976f35189aC415377ce35AfFE6DaDc 0.06
0x7359924374f77657767572F59E12517314A0ed75 0.08
0x69Cfc185a04404eE4a1e81454C41C209b2ad8D92 0.06
0xCf70f1D525a3802df885Dd4B35176730608729b4 0.08
0xc7152DBf27BB6E6f04AB9fa2D879F95d3c273dfC 0.03
0x4b29927C4580A3c73BdC8e85f62c88747fE9F31d 0.06
0xebDf3bedEB0A9904c4b0B0BF6d89e669ff0C0C00 0.03
0x32a197e5f4d88b56212d786953d107e2267f673e 0.05
0x9E501e024cF0eEF151455b7B25763001368749ed 0.07
0x419bE821D69903400910295D38986562841919dc 0.09
0x94D5A9196Cf0cB6A1d16B598C3913d38382539e2 0.07
0x8f40Ec3Fcc933cA9a6E3a11946407DBA6965eDe3 0.05
0x970679383b8F7D0D033FE0E40a5A7541045a34a3 0.06
0x04Ae3ddD32BbC2eC78A05E229E830180A3F7098b 0.09
0x033cbcA6f2F71fC0002E9330861cB9eD4543C48C 0.01
0xa80E5D7d52da78B916D48d09Be5caa2Dea68416F 0.06
0x4692F3C9C23185d755D290cf9E8990CB3bA70dfC 0.06
0x8ea7efc13e7d491f4574eb6ce3ebe00caa430279 0.02
0x932d3C1A815Da025D1dCb1a075bA67D9A7D0D566 0.09
0xcb9ab5f7c1648d87bb1cde1d54f49e87f478f71d 0.03
0x7D32D8F0163A825AFBa3b69eFd92d3dc525347A4 0.05
0x56214B3B92A4f3d45f673E6A3265478147255bBd 0.09
0x2041D98f4508Ef5ba94cdC426C65610F8A84AAE5 0.06
0xdd2D4685Bd60ed1febd771029835961C47A9407A 0.06
0x9d60c1926673F8da5D6f5DFBEa3A386CEE2FFB92 0.04
0xdE426a2B4E33f5d19183d411ED5ffDb857da3E76 0.06
0x84fe770bc0094f0c360345822dcec88d85a62775 0.04
0x3bA225dB43962500FF86D55239b614Ef23DB4759 0.08
0x9db06C5646a21a41CD801e94CF84d688AE04441e 0.01
0xF0d183909b99C944570E3432016C452A1c53B433 0.06
0x51Aa47c803a20A6334e4589Ca76642A68D3cFB32 0.02
0x71A2FE1a87fe30Ec3EE51CFeD9f90f28a4abC34E 0.06
0xaCB726871e385fc1FBC81996eF4eaC09bEa9DfD6 0.05
0x74575bA71701d4B5DEE9898E3992ea61993D0aab 0.06
0xB22a5B7C66d0b867650A2E35f39347d358296843 0.07
0x9EA95cD6442f7Caf6eEeC3C6409C66C9674D3d80 0.07
0xa4b980efaa20e5f4de3e4b99df2ae7ca1ba67619 0.05
0x2c1be0a23b2b58A4DF9C8868b772b7A731c4B8DF 0.07
0x867Dc379f2bd636d107934f5a59E3C19cB1C7c6E 0.04
0x5fEaEb28659Baedc5578c98A2176590F7fdC0A25 0.01
0xFe07Eb74DF7a34d1C0e6B7487EA545A42525555F 0.02
0x2D63C8e696B6379F1c498A9bBfAE4b93d4DC50F2 0.03
0x31B05791e1754802174cbf54844915D390b6394F 0.03
0x60f3F8AfFA63b4b968F463366f8d134795FbB080 0.01
0x084926c7Aee12859d638cD1879e19aE515701715 0.01
0xa00e571a8772A64466429B733F05A7875aC38432 0.09
0x7ceE95ed5f8af0F935B68779561B5f15c56F339a 0.09
0x95Eff8e5358B033F2755FeEc472c5da7876e978b 0.01
0x1a970a200051525ff48df687201ca2e48d2f5d49 0.05
0x4841D60262C22aC5e66860C73e395721Fcb78216 0.09
0x078a95dcC4B3FC80234FcB155a2127CdcbDA02c7 0.09
0xf5F50c7b483f7c343eB3d0Fc628E4A474b80553B 0.06
0x3847A1605c7F8a5eb56D40b051bC4236C607348f 0.06
0xF1105EfcF56d1fE005B786531860dF240EDC954E 0.01
0xf79cf203622341E769A31dceB25340Ca22f1e1fE 0.03
0x6cB1528cBdE7d837C31A0Cb8Fa462e5864AdC211 0.01
0x4853429267EE628f704e6a42c178743955bf3253 0.08
0x0c7e1f32c54c55377311ce1f4293c73ddf1f8f83 0.01
0x40cb1cbC40818A7Fa1e7067149Bcd43bB319c80c 0.06
0x0aACe0c038Ab736e6aEA6060F6B49B4890EBE980 0.01
0x7c05E0ba436bB76fF98eb5c97C7CCD65FEc6CbD8 0.07
0xac4C49598a15729765555cc2837a70E4052e5Ba0 0.09
0x665d0f84A1622Ce8a8937A861d82DEcC9d6FA3Dc 0.08
0x7a582eb4e5c0733461CBd45c020A8619492D501D 0.06
0xF163c1D4047A85eB0E999716238559Db33Db01E6 0.09
0x2cAcEC52F3A0b905df575740dEcF2143929048BC 0.08
0x8a96a7fc9c1005904c142f2173bb37ea701826c3 0.07
0x7b957Acc20E3AECC8abD07f75bC5ddF7CE900C68 0.07
0x61A998b14b9C864D0585A92D01a61c4bAFE61F92 0.08
0x80b9071119BC3f69e24635A5044B3EbdC8e1c259 0.09
0x4424DfC601335fd2c129b9177ABd452ccf9a9080 0.02
0x168aF4f6a7308b6801ED765111214F01E65dE0b3 0.09
0x6A81BDab55987FD900591811f2Dc8c69f26fb6D6 0.05
0x5f8979f6Acb31e1d1983c3859B193be6DA1A9ad8 0.02
0x19F838d47a3eB02E832a8b8107b823D13cE5b3A3 0.05
0x4eA9154EAfdD390E431d2D2c24F6ebC525fe8134 0.01
0x9B55f1326955Eaaf496ca05e5adCDEEE01192ADb 0.06
0x25354F126B89F2bDDEd71739507E75cEc777A4EB 0.03
0x9D9bC1F7EFAd70F53a78968b506837C1C2c75f05 0.02
0xad19da760Fc80cF20d7861022213FA7C8d60D517 0.05
0xf6e79ceD59D924f7EF5Cb8225D1cdA67ED9230CB 0.07
0x855B97aeb43CBB7cDa419b25f249864F4ad41357 0.03
0xC140cD30e8233e1951b8a9b2EabdA340714d02A3 0.02
0xe6Aa5df3E2889bE3Ac1b188AF4b620C46b80Aad2 0.08
0x34879C732066F322629C6E7399dc3DE4AFd22EdD 0.09
0x0fb7841ccdaa8B666A6562c3af3f78e0573C678E 0.07
0x02A759492e3b9FAD21964B99837Fd58E89E554CE 0.07
0xB4A7be27DD9CE6Ab3932D2614438a9C39B92b378 0.04
0x80C4d8F6A6181aC5Bd6f1448761248ba8eA004c1 0.01
0xC65d76BE4afc58CEf1805b522A72A70645507110 0.03
0x0761add20829195743252b22895081624B557c3C 0.04
0xA19AC3BFee6c24731b044E56073062D383a50335 0.07
0x1Ffc6Fa2F2c41e0426D30018Cd2Ed61f5839eAd1 0.02
0x0645e4b9055EB7a02a22b8CfA3BFfCCcDFBBB2E6 0.03
0xec777990721c2D8535043D61dbF1bE3569d906A2 0.01
0x2E6C914d88ee36c1fA683EeC6CbF68b0B618B490 0.05
0x79a5A87A11C4996a6eF561B15C7CE131E055ca2B 0.02
0x0ba0a53736cf79046e332981d4553cf62f3d5f1e 0.08
0xE4fF49446020b12D0b0dB61Fc1935c50De82F9F1 0.09
0x74153FD267a75C3122B270a254d607459c7cE348 0.06
0xab00E4A367C50EE8cADd190448833F8968C89a84 0.08
0xbd2398BcB8B91304a7E75309a26b20FF9C5A2C51 0.08
0x5924400b5358E80485E687b5f27e8E3eACa4c081 0.06
0xbFCC9f14caE356dc60e50d9Dc83d06804e520Bc9 0.02
0x4505773fAe28Dd2CFC30B5dC9F78EDf1E5D112C7 0.01
0x952031C6e6dFb8E5834026239A4ab5E5a08613E9 0.08
0x2b57999a1518bf505a31c236309ad81ad740a969 0.01
0x0144abb100b8974d9a8340a55aef8609ec34c5a1 0.08
0xA55c33a35d019c5E07A754e88C20ac78F5D30B88 0.07
0xAc739165d33691F0730DEC668B1A77be5d202539 0.05
0xf897Fe282F971f87ca855FE1828f545b1c154ef4 0.04
0x2D086D00d5DC44523B950CE1Cac0E5B3ee1FE992 0.05
0xf8f87ac2adAF255Ce5C0fD4964636ad725a8b3F3 0.09
0x846642b27Bd565E1d6DE2Df7c597b11Edd7ED65A 0.03
0xc5F00c216045FAEc2223AD7E4f6B58b72bfFA11B 0.05
0xC839c1A57BA12BACA32f866Bb563e0E87A044599 0.08
0x80Ee9684f4E1F4690B50bDB02DB60f1f16F15B0f 0.04
0xC619ee0d3d1EB18d96c8C98eda1500920018e334 0.06
0x45FBEb7538cfF0729d7c465D83a0a935f0E9E81c 0.04
0x574c644a52fD616D354b2A9812F9A26b70e4d2d7 0.02
0x777D0515B6Ca71529c03692B6B4f1A1FdA99288e 0.06
0x16885023435D98fA5bdCA8528DcecA1AAA0B01F0 0.02
0x26E77b8188F79a39c67519Ec99A2597Eb448741F 0.05
0x503d7a2c61CBA6A3B26816DE01E529b5325D455F 0.09
0x776BC3dAB33918DE8b48deEc82aF80cD25d0b371 0.06
0xdBdD2Ecfab08CdBCB211A637882Fd17836cbfeac 0.01
0xE64e5658dAd689CB6Af3D7c4D83407c31ce4926B 0.04
0x7e4B972c52DB4F99395289a515B529A2F5c03b8B 0.08
0x325D95f00315B5B0baF93c363C70A6b37c012CF0 0.02
0xc387fef47283404De11933E602Dd15d21891027e 0.09
0x3945d4834547cBe5a668958DDFf7967ecF5e2a42 0.05
0x61ad786caAA079FE88fEe2c45a8eA4Ba9bC6Ea07 0.04
0x18e7ce13BaE99bC7C2472cb250B46AFF3fd2FAF8 0.08
0xF3D668C548A751A3a4eF6bdfC4037a939719919B 0.05
0x91AC6d3508dd2b32d27Bd1E68F8650b03c77C018 0.08
0xa538a37f5c9eeedb465d855d2ab7919eb8e2ff6a 0.05
0x1dE7Fa658233067dA83AddFEE9C0fB02c106c95B 0.07
0xB16a65c8fDab16D0389aC98eC58f1224867B847f 0.06
0x3eC5cd8c7321Bd6Fb449e864bBE21B6132a10Dce 0.09
0x325A5C4FcFd632DF5f5D1E517650458052e7f785 0.08
0x5A6f6Edde59bC577cE41565e104C60d9F74a35f2 0.07
0x17f434E96fC0e6c2c632d9eaf8150EA1f2409A0E 0.04
0x7FB8E62F739cE61e5ceC1fe551e44395392bce09 0.03
0x8EB6740aE587FeE08750abf73764c05ec6313625 0.01
0x09b37DEC0013965ecB7C5db9d0A575bc02dD295b 0.02
0xfe678a30766ec494868ffff323b483f688f5c1a2 0.05
0xAe7310CA0dFe1Ce22822fc9cFBE8a3bB1ACAF7CC 0.04
0xc6c6DDE9f6EFEe6bEBE7831631F29dc89518539A 0.03
0xd2Ac997F7c4463D97073804D7E4A682565961060 0.01
0x82B02e93ab069a499f8287637a52eeF97BbD3278 0.05
0xBdEa997cf082a28Fe89A9f20344d0F5aE99138Ce 0.03
0x8cb381B85D5Cc67fA58786983ed750aBFb6867C9 0.09
0x863a0d436ea0cfd79fac94db7e4a21911f2b690f 0.09
0x406b06aC84fAc0DD3BbDf2011577942d371B27D4 0.01
0xded23663161A22A4b2238e38930A552F145E8e6B 0.06
0x22D342F4FbF11793D8f304738A15e9A505D5494b 0.08
0xfb296491A56C93D80F94dB3D46B4d8cE7c4704d6 0.03
0xd2cAdbcEB5FC57f9b9256c1ad08D08B0f71F7711 0.04
0x87A45511397B2B477638c2f80AC925C0CA9C01a0 0.09
0x3071f7de984acb40dfa2a2e5922bff0d50f44fe7 0.06
0xdDcbf420Cdd369eB0a05F541ae535B11F6Dea5f8 0.07
0x307a6CC646fFf235A1267BD1d6d14B9A70BD6698 0.03
0x18d2A5633a7aAc278315fe570e71b954079934fE 0.03
0xfAb8c0993E41135F05Dda3EeaEE129971F1fE6FC 0.06
0x10DBe233Be679901098aeA75490C34E377472154 0.05
0xCb80ca13382Bc7767d653f4251bdd44F65E40049 0.04
0xfdfe8f1aea5ef556b89316ff211b0d0d198cf083 0.04
0xa97BB482f23FE389A0EB9716424973b4a88bA03d 0.05
0x7c88b960690cD22b12f295ceC4E062c993659C93 0.04
0xfa7c698172eed8a00cb3c0b4f5c85498d97bd410 0.05
0x3801Ef3c5f7e3D561d7e2c48339c9a9B257288e3 0.07
0x94E266FA1110a6cbc9bA97996e23a8Efe34F1Ab1 0.02
0x7186e38B38D693D04620E0b6cC220b6Ff55e54F1 0.08
0xec556e0Ce1Ef302233a5F6F8bF96E07FBe4DaE43 0.06
0x6032aF21ab29086B4858bE38ab563341897B34cd 0.09
0x0426eaac9dde3f4a71e7c0ab5da2d6a232563ed8 0.06
0xAe8E05210a58dEb1617D671DF415C05A712fE91d 0.05
0x439B35EbdaC762d983F194FDd74E22834723Bb27 0.06
0xb6117b7b57ede9bb224208f957f94501df6bbd64 0.07
0x1077eFAeD010b272a00844cCE461DA4cdCA91530 0.07
0x6bfc0d528f343c286baf2842d5e73871b66030e5 0.05
0xA7A5Ce5d50340Dc2e49167C1f1303B6228264a34 0.07
0x196855934C3d5A1391E54292daE2DC37477B3138 0.03
0x5AF121eD25967513139158C42B6Db17dD70a0646 0.09
0xC41A8D45aa8A63Cb9e53A36e8a087914C1c4FA68 0.09
0x7F31a24Cc09994736EB78A13Aa80F728A81FCA69 0.01
0xd714ada64a0c035e9e8c767cc3be17c2c4419625 0.01
0x0b264f99Cb2c5C6CB7A150C6Fe8a7ea3958965e0 0.01
0xbC25B0e1881379B43747aeF6d4d29fbbB377cC0A 0.02
0xb68a9367392805d00b8bc06500747106e0354bef 0.08
0x3f1A0AcC312BFcA7929b9EfA74E4f56f8c15BA1C 0.06
0xd30F2C126EDd0184B9C680fdc3dd95C12Eb9dCf1 0.09
0xE1A696D4843a6a2106f383AaA79D906B2f696cd4 0.04
0x14a39B2127b6EdEa0e575514d22b1ecc10DDEB2D 0.05
0xEd6d0AF83ba95f152851d73C179d6ef89f1337Fa 0.05
0x4A456981331d86dbBEce900e16F64E9c17dc8B8D 0.02
0x3cb147CB6f4ACB81c83a918e39b9B0C60a6dae7A 0.02
0x17FDA4c0D51B1621f5363D980a7596cF480Dc39d 0.02
0xFc243A2822c93354Da1e7eE3e5599c593Daf7996 0.01
0xd77ea3c1498d455766f979c260fda436ede4438f 0.06
0x2f8d3b440459be02a0250767dF2429234ccb0b59 0.08
0x7fEf6a55449239bA50B7e80deF96f29F7Ab65FfE 0.02
0x10ee461cAe8E7B03AbBC4040096C9F311FF1dC72 0.01
0x2A8028cc2Fd5aFa7A42122e7E63f2628F9D71f3d 0.07
0x45072630a8AA9cCaF5244A91CCE77037926B5942 0.02
0xf865cC53888A7631BAf8ed18315764c0C740C0Dc 0.02
0x0521c587a20110fd943cec6a503c42368c6bead8 0.09
0x32E4693Eeb39e62cf13709034256F1A8c3816442 0.09
0x2B7Ffd678B6b988AD30f43ED39A327399dF226C9 0.02
0x38F478BE64ff54abBf546110eD46ff6F92DD251b 0.05
0xe029829AE183Bd10A7d3336Bf7EA439Aa20847Bf 0.09
0x97193a4c3b836B1EcB58B7Bf8a6d2FA959a77F45 0.04
0x66D0300926753Cd37950cbD823485dEd529681b0 0.08
0x7A313aeD9Fb0c5aA371EE76BC14725A8BBe269Dc 0.01
0x1DEed947BE2c4F4D9302Eb3FFf6d7D9756c61c6E 0.03
0x88f5723EDD086D5DbC457F97E376f336a62ac245 0.07
0xEe48449C9fDa33a6da7A86Eb0fa7B39ece5905cD 0.08
0x789bc7edD08273301190fCd977515658fa49Dee2 0.09
0xd7F916474A192F7938C2f4BdF851fedA9BB61633 0.03
0xd7753cB3d693B07353E12E2E52430ed17ca8dF2b 0.07
0xd65f712965cf718dA19E892a6b392d59960E43E0 0.03
0xFbd54914cee346742e83a795125DbEf4e139dDe1 0.01
0xdfC2e3CF514EC51e8dE5076e3A46081576FD51C9 0.03
0x5DCbD8BA6DD4aD7843CA85A23669b52523c82dB1 0.03
0x246836Ba57AbE90CF4a030107e446D0C6eDAD95a 0.08
0xADC77020aA1411BFDAC64A0CF2f7F8e834630034 0.02
0x18868B471e19654C47c9B1e5C1037936bcDacF62 0.05
0x95B3ccdAeF1c0d17979D24599e883Cd14e093b97 0.07
0xF8E1879CEf54C163c2Ca81bc46e1827Ff3AE6ae3 0.04
0xc00CA453dfc61a8Dc142110F709F92447C6cbb7D 0.04
0xd784d318a6ee52C9D0Ea3715fC6a2744B1c89023 0.09
0xebce61D64c6d603aDBB6E5E1F6880e754A865475 0.03
0xe3337Bd14661B349D96B797C07E96C10Fb52fEc3 0.08
0x18a057BdaC4880c700A1c143C9397AB8456Ea798 0.06
0x904843C5a06c8ce5dAE72c72CaF68AD05707392b 0.08
0x2Cfb658a1B12F54d3E911b5746572a82Ee0a17bc 0.02
0x4B2B2Ae6E565ed7658b34aDCFC05CC888d148a54 0.04
0x43E72da75Cf4D31BD5e88cd493Aea10c689c632d 0.02
0xD9A3d8F4cf4ed5432516CF7AD7B6886C782bE96F 0.01
0x85c48fa06A96C7ccF144aE1794f77ba98a8804aE 0.03
0xe63373c3ae44ed298f89db348a1b69c701dce575 0.01
0x517EfAA96C3B5aaC317a632b307498d3bB939350 0.01
0xAC9387c57A9eA57e41EA1E68EAD020351e7D58F7 0.05
0x0c6A2CB0E343f42952a5cB1a639209F121851E79 0.05
0x7F873B8A6ee63A80e9387eA81293e9F84fbd54CF 0.02
0x3BAE28877Ee84AD6B6A632C73CaEef46069787B0 0.06
0x7BA16afb7B708E2FD16D07B7BD2713393d9db665 0.04
0x0eD6b863563e8621e9a10A715321906eeAC8b60b 0.07
0x9DC8db5C3C2E45be2924f711224b36Fa11783b34 0.07
0x5fED377F12864baF00a6930134a9629d7268Def6 0.08
0x03F2550A40bf26cE2930643D5C449CDD32185916 0.02
0x733f4e441cb1e5e0e07BB3fB210443Fd5C16BA94 0.09
0xC598dA42c4067b28d740d7B92FA9E00B1a42B42d 0.03
0x115B851CFac797d58E2BF9b39A20D30B4fF7BD30 0.04
0xb3E82207c6A87A0339BE75AA38519eB8621892C0 0.07
0x9e60C4fADaCfd9D66CaCCf3e28AC719C3b0260FB 0.07
0xD2C18D76D3d29CE426C081D7D6D7eF55a83588bB 0.06
0xe0ca02dcf132d06156414B04A5a4b7B1b219BE9b 0.03
0x7F0553fc1BB2627782FEe71519A1558BaaE70497 0.02
0x71103e881e3A5f5ecB78B46Bd65f55722130b748 0.06
0x967E52eE562A2f2F2dA78C463d07514ddaCC25b4 0.07
0xFa04cCdcE5227805A8438943f5F0d037F2fBE416 0.07
0xA2322715CAe703f4F7E75490aDee7eE51A42d7b0 0.08
0x9e209dcBe564beEfB1Bd559f51e4C87c94a771eB 0.09
0xdb95644B0049D3CaD962442E6B75d7135c93473e 0.08
0x89aE1d788523724C031A10ED435dD7E8aeDe5fc1 0.06
0x53C9Da50B5a283225bfeeAb48Df4B506347aE49C 0.05
0x46Dd07854b4a3268F19FDbcFDeBd71318948eE56 0.09
0xe59000d442997c21F390398357C1A001c9f448e9 0.06
0x9aD2fFAE10515F0c986dDB742a845c6bB593f870 0.08
0xb528beDA22a5693BEcc49E9D0B20f34114A915B0 0.07
0x3dF08f4a0D59553e5BCbA1d0C53aec0d6Ae6Ec56 0.01
0x9Eff79edfb705FfCdD52922ed11d7183C4EE9E4d 0.04
0x88241e10189515B435b58fc8684AB76439cb4F88 0.06
0xb16d09bd9ea4551fdc355aecc2912cccd6e334d2 0.02
0xBCcd04690EE02f87BE5F94f1A3C99F4f74263364 0.09
0x0D8b76344D6AB1223a3393CCcB4525Dca8a1D47b 0.06
0x65A10f6b27da03a9810E5C525FAf28229D64E69B 0.02
0xfD9C5157f04A05F6b92AF59E54D9F8451EC1c679 0.01
0x848e444219A871d183f1983ebFCA14A05113814a 0.02
0xa6006EbfECb89f391Bb734d32D9a129868E4e1D1 0.09
0x2d975d115726FD731eE9e1b7a30aEaB877E2fcC3 0.09
0x179225769da8c72746f0D08231961C362da13c97 0.09
0x6B043D493D57a342fd9111ad8ab2dBdB532EFEA1 0.04
0xd15A72E38EFBF2803c82CC808BD59b23F2475368 0.05
0x2106e216AefD2226A13Fe48D5Aa7872147fc1ABD 0.02
0xbFC3b440Ece85F5aCa06225265131e2300150Bea 0.03
0x73961eB368bd6d01614803EE77169441fc5E645B 0.03
0x798d1D68f7a295A191547B08F2e9B56A24756df6 0.03
0xefBa25A3A5b5115ee0E092adB41EE10E9E4D8dee 0.04
0x21BFE63D42652C6E7a725440C4e2907c153F1DB8 0.08
0x401Be729D6E497237D32aed0087A7aA35f29b373 0.06
0x0540e40e6f9a01B63711266410Fe19cf7F5782cF 0.04
0x8a7a9dC6FB6787Bde60EfEdA36aFA68A2afEd173 0.09
0xBB5CfA7F8ab20Ba74fff9531DBeD64d07b646dB8 0.08
0x57A8bcEF82414a1c70Ae601E1B8c0D99f2d21487 0.04
0x65432be15e7697BA70AC0f00a1534886Ac926e03 0.01
0xb9ffdb2c68c1791d831c30c2b7dc84568c73d4e3 0.08
0xFAA72941C3E5518CcA7f755dd2aBDc1b791AeF5F 0.04
0x000Ee34239348c6220Acb0c42Ad836AC4D288A2B 0.09
0x4B98Af795E04Bc2702Ef364Ff5D0a7916631afcc 0.02
0x4a8b9dB67dA32D6380dc39E913C216B84264A097 0.09
0x688d6f57559a22A492e4a27BEa0B4bA5495381c5 0.06
0x4844D0b71C549fD51A4CBD9452194630C905F7eE 0.07
0x759d2651b6f8a4ec4df79af6afc2b96f4ecb418f 0.07
0x222e79aB40D859e50f0161D48aA4F0C1e8E5dED8 0.03
0x26cc54bCC0DC4Bf5c8ad5a2D3Ef5596C2DEC4EA3 0.06
0xBB0868Dd2909b450612Cc2b64986BD868d018749 0.01
0x761c4652881ce9ea80a265d8eb03048de4810dcd 0.09
0x93748aA111F2646EC055b16beEdd8c40C24fc866 0.04
0x7A2178cABaB7dFfA694c68639377bBd5b33832Cb 0.09
0x2AeC38579E707B9A386B829B2aBb2A61C4AD4543 0.04
0xf95521EB6B7d3e306cAcaed1a3d65e83B1542561 0.04
0x7B32e04E4F8E1f151d690D74Dd8cB1C128e7F09a 0.05
0x97ab00b5b7d0389f7481af3ee786bcc34a863318 0.01
0xda39b5647Bc2da5843e33c67595D254A6C963a97 0.06
0x61cE722ccf3fa5020339DaFf767Bdf67C63a6e8B 0.02
0xEC2113Ec54D83f9d0fFF948E87930e9dB2069d12 0.01
0xAdeBe6A0a6aB59CC572FDd75E3a62210c8BBa56F 0.03
0xDc9953da5Fe5A4596DeD61e95c1212e845Eb1172 0.09
0x5b0d05aEca5c2aa76271AB9B0dd83737Ec0546A0 0.06
0x5A9Cbd003CBcE902cCfe431a2F6D541BA3A7C1d6 0.02
0x07821303E8105E9653912fdc9f4D155Cc38AF45C 0.02
0x498920d64e847531F4d48e75C48886A758F7f13C 0.06
0x5fA55d7E84a619e16BA6a8624A611F02343e0f52 0.05
0x73ba8988ce3704dd65730138eef877f542a3bf26 0.01
0x6fdcB47DcF6E72cc38D2C38c298B92ba78fb4D7B 0.04
0x3Bbc25A333Ca3F2d4b49f8d670Abd57f3929848c 0.07
0xE10bF747d357D6b15fc89adB08E618417a6388fE 0.01
0x88ec030637b2a998a21fd0e7cc495b5d12d7e00a 0.09
0x71Db7A56c84d4813a6E331E4Ed4A8f11D7DF09f9 0.05
0x6e4A5Bf267894a456CE2b969A0bBca5D07E3F3De 0.08
0xA7df0f86B7443cB9eaF7121Fb035656C71f0A2d5 0.09
0x572c610Ecd291196150B5E99019E506F06CcC923 0.03
0x83D56721Cb260c6B16456671A74243603C08ae96 0.09
0xa21cd3f196fa4a9df87616158dd191374b143bb8 0.08
0x603054750a2144e26592f65D396D3F017a8B2525 0.07
0x913ff745ccfe3f7E81e1aC80A2EAD28723cfbA30 0.04
0x3930F283d42d1AbF14c441BA8347C6B6BA3bB472 0.06
0x57BbB00740CbEb802339f5e0E62fc75eA7a88bf2 0.08
0x51a7A179c2a2262af347d8a2b104C749b39337EF 0.05
0x3a4ca12cd696d42c432dcf7aa8abcb67702a9def 0.01
0x886eF847CD1ADb2e079F89A7F91FC686297c78AA 0.08
0xA978a60983556a9fF7C1C8BeB70dF2Dd08Df7f30 0.09
0x7e2344Ab5B25E2beD5E54aa62E180921929Cc55f 0.03
0xc3C83113Fbd34fe19A0C5F0eB2861B51eD077388 0.02
0x19d9f3554ad6a468741f4bcfcebac1653b33d891 0.03
0x709d7D4e3cBeAFD8b73049CbFfE030e4224A3fa1 0.02
0x047019bc5BfbFd23fa5ed9E004b0CeAAB84FA8Fe 0.02
0x6C98852F1214cc0dEFFFafD1184B7bA53AFAbc1E 0.04
0x1be7e28b074cF61964b353c3E036B244c37b2c3e 0.02
0x1DEd237A06C1f2965038454c47D845F81a5465e8 0.03
0xda2f46eb2bb8e77abc1068bf54922845f5a003b5 0.05
0x2De10cEE2E2bb792b452b073bbEabEf756715561 0.06
0xB5bB4848CD33DAe5f821D4495f83aeFB566c1046 0.01
0x9E2cF8E2FAF67bCD452FDf7CeF4C0D9B54B77EF7 0.05
0x95ff91d817fdBf907Ba6C7Dcfdf640F044455D22 0.03
0x3Ec4d8d889CB1Bf25Cd6464eC997239eE9c1B4f0 0.03
0x0f2757b88a1cfbe158bbfc86dce34066960e1c8a 0.01
0x4d3f233f9c262766ce852ae74666e0c61224f07E 0.05
0x246134B7E1C40C4921ED649cef699408Cc1Cb25A 0.09
0x443A7eB2cCEB3e0CD5a0EBB07B95DEdc0DAd2Ca0 0.02
0x3F2B8219Ad3Fe9cE5526135aEE89e1BEbdc4319D 0.08
0x281b8295984ceE7b2fFb7Ca9F2E5015729eb77E1 0.07
0xd64e5d1Ae429D6f1A58468A3738E30DE383cdb1A 0.09
0xb306231e507ac6d93cb2c324fac5447eeb706b7c 0.03
0x412741D6F7512fB5bDADe2Ee4BD27459899Df8a8 0.08
0x586709708b90d9f3403ed5fa7b6d08f34b820630 0.05
0xeE36662bd090ee5319c0Fc03844BfE66d5b746E2 0.06
0x382dFEc5632075c414093fD828DC1a3B219D5D64 0.03
0xfec1187B5fEA07E3eD01DBAE248C51FA4dA8902c 0.02
0xCF14b9e2fF02dBdB82358FF846bE7E4af7a39D83 0.03
0x6d000261c0a3db52c0eb7027237f95ebbee86f8e 0.02
0xC73d8E3CFDacF1c55B6860E58e7589a9c3A67d23 0.01
0xDa4Cd3D3f000BD493E4Ca1B97dafCD843f5462F2 0.07
0x801321BB7150D62323b26e6302e6aaf0b9a89123 0.07
0x5e0cB266eA1781b9AAa820661b93D2f01d4647A5 0.07
0x8E1b13F48E970629ca58bC8777A78af8422E5D6b 0.05
0x35d9bc703f306402D6AE958C8032070024D7654A 0.06
0x57b02e1B9492F5acE718146ddA13180e839c7d9f 0.06
0x33C8Df267563Df389F40d59D9923ff2f22dae467 0.03
0x6A8c10f23307878F7EA8bdc5b035e5F4394767F1 0.09
0xc4931004c830d65361013d6c2ca3c10fd162e685 0.06
0x41D59E8Bc29947EA6D94Fc65180E71a45ed87251 0.01
0xC63C39d0E6B9064bb56eadD8ed93d5366b3Ff513 0.05
0xE7B5a06d4cF1beD22b15836d85692e8B7b43F44D 0.07
0x7a374e7F11Bab5cC91F29423555241D6a8269037 0.06
0x6998e42F2a9819e6F76A40bE882Dc1C676C0Cf5E 0.07
0xAB614B27618078A4f975C84E17DEC39895066630 0.06
0x0213d087cc699edd7444a55aae31739973f8aed2 0.09
0x9D056106741Ec7402805a8D38b6beA8c9EbFc479 0.06
0x9cBd32C426d032B707CDBA6D9c9a622a5a85d473 0.06
0xcfBC0678661eFC19AAf06649d49c8bF92002c147 0.03
0x4910eFF6b570542153f33b6A3404EfE27F2f8667 0.06
0x2a10e5B91d9feCbA41AB600B4D78822d1EF74fb8 0.07
0x3d59E4597173a6BC5B02F8Dc5C9FFAdC42E5B5dF 0.06
0xA9Fc18eB586052AD91a48f7aaF845DC52b303247 0.02
0x65aA6cD3Fb26988a43cC205ce975e49346D96756 0.06
0x7Da15c8429B85f70100030d1E5644d3831443762 0.01
0xe783647cd79b2806759c92fbd4117dd3ed21f762 0.04
0x46d9D7a22Fe35A22972d84C561fd0d2978820d09 0.04
0x65eEbC88428C811B181951537709C4c28Af204ba 0.05
0x6236646ed3F8f6a1bB2c4D84ECD61F15Dc3e417a 0.09
0xac900488ac35f5d56727eDdB0387884847cD802f 0.03
0x84D0BDfC62e4297E5e54DdbE67228D5ca9C9cbF0 0.01
0xD56F160F29E95FD1f1dF43d0A240a6D7c6BD3abA 0.02
0x749baB754bfaBC51bAC70521Ec77992973CaDD80 0.05
0x2de8f248d9c11498ef9805f02a938dac66588f00 0.02
0xcAD1597a4617b26DCb9925C6f62c0d3aF0Cbfd65 0.04
0x82b7Fd4C25461Ea91A90CD126efD7877596A2E07 0.06
0xeCB5aC987AA52B5564C32f6554CB639e0E5Cfc02 0.04
0x12dB40F5db4C6F09e99f989aa52Ea8c79998Fc9c 0.01
0xa8Bc188F7c0A855C374F3022f66f79CC289Ae92A 0.06
0xb9355bf5f7650b688f67950c61ffc3e00749a006 0.05
0x50d916A68090589fa0FbB663b8134bCC801347dc 0.05
0xA723F76e96a918De5Cd304819548235F8FC57857 0.03
0x4743Dec644f39CA2A32a2f4f7AA63b66D4ce1E91 0.09
0x467a6863833b2f3aa549bfb78483be12e3d7390f 0.08
0xF3B6c9BBD7d0899054a82cD53361A426FE601699 0.01
0xEe3E2c199A0e5301214d6E4289640A7865905ff6 0.09
0x007Abe5Cef1520a3691b6d91Fa7D3b5709184167 0.01
0x39A11eA95A1A46d326162b294AC85AdA9eBF5C5e 0.07
0x1D84d2927923aB9898082952971C36b412d414Fb 0.09
0x8bf737266A9b2F1a2630b2BcFae53Ef3880A5f3c 0.07
0x7d4603e683115209a5cafbbb742a660f931ccfc4 0.01
0x249195e7bad3caD8420D7deEd22CE07236E2CBf6 0.06
0xe5296fa24b4f927b2fef0fc41b13b79a113e9a18 0.01
0x3a9EB10100eCe248e00975fCe27Db87c0e7CcF02 0.06
0x67943B776867e310B2595816cBcb5EaE7Edd715d 0.05
0xcd1eebe78be0424699580507de230a47e0e16fac 0.03
0x638fB567718c60f78681ee2A4d73F8e8C23396A5 0.09
0x2F5F9ecD7fa9844CeF21ff63f86E08646fa93A75 0.02
0x7DA88d597666eBFE181319F9f0D3ebB2f79b5e9F 0.07
0x9192E36ba9848D414ECc28983f55c2b24bB28448 0.02
0x4ED749485bEC4dE91262A66F09D801AD2ad8Aeb8 0.03
0x792125a62e439fad82ecb0090a448c8344d3499f 0.09
0xECf626DD7495eaA89325d6d52E5f47872995D08c 0.02
0x91E54669a7097F115Dc9e98A8e8c406344a9a7e1 0.05
0xffE7154D10Aa75A3501dF301640631533237583c 0.08
0xb3bf1079d41c8d9e6d3bf7116db87fb02455d7bd 0.06
0xd8B37d2d1C19D13Cc43962b3290800F119431561 0.02
0x82d04e3E377880E52777C0d5dBa6EF8414519daa 0.04
0x377Cde0D79FE291e6F79c611119D1E8D027AC3B0 0.08
0x5b3344D48C0338867D840574b48B7F804A4DeC78 0.08
0x648f1480f71f8f243081cc5b965bbb99173290b7 0.05
0xF6168297046Ca6fa514834c30168e63A47256AF4 0.05
0xBbb5e477a8f4553E2B924f6fcB94BD05dE2C797F 0.07
0xB666e497aa240e77d853Bbb14E5567bAA8990371 0.03
0x555488cc4119ba0a7cddd0af9835da701dc95e7c 0.01
0x4A5518226202a28977c5BD13376677847a5D391e 0.08
0xf77E4B8eb22604e46A1732A7D19DecBCD03354b5 0.03
0x723018d9a3186a76e8086ba4ecf88869d7700cfc 0.02
0x4D648dee096EB0b60Aea624aA59AD4D873BB00Ea 0.04
0x4351fc6d4122ab9b3e3f9a9d42883ad53338da5c 0.04
0xcB090e000534ceBB0359AF433e583475383b1283 0.08
0x95e855FCb0f6664A6AB2959c496DfE202Af0F39b 0.05
0xA78ADDc3426Eb91624bd7109DD5727Eba5d1D2e3 0.08
0xfdbc1c9c7614d81e60ab74b46b31ad92f949e223 0.09
0xBF83edba541786fe221bEb20c81d2FEfE5CfEE2B 0.07
0x350d63f3dcf98e6560629c1e763afcc9d3f6b865 0.06
0x879eEAAcA55d4ad539A2e42a49FBa4a0C5b3e3Ca 0.08
0x72A0eFc19379115646d8B1C602d260aE3e8D4a17 0.05
0xF37758aAE7aaD424F498498D43D91D30Cae3092a 0.02
0x85A897888bbb88D70468d33648245d4fA3Cd63A9 0.04
0x8D4Fcf8170A20ccC91fAB546Ee57Bd01c930E608 0.08
0x2EF2441a39c60c27177AFE47923E9F53EcA18D66 0.09
0x7F268F51f3017C3dDB9A343C8b5345918D2AB920 0.09
0x052D927f423387e1b7a66c2A23655742c6adcC72 0.09
0xCcAD1D594BcaBa0a54f708Bf75EfDA866884F19E 0.06
0x29077B5f3e5524679415CcF455772ab6B41d1922 0.06
0xAEc4546c50F59e797cdd807eb50EDcC22553B2B3 0.01
0x287a55a0b08Fd719E50B29D10E1e08dA46DE8571 0.04
0x895f3C8F426ac904340179BbD12CFEC041393120 0.06
0x2afb09273180199eda87c737c606ee8ace54f959 0.05
0x16C2290050b06d244D383AD471ba8cA7f32D23Fc 0.05
0xd63458a55f5F988Ab0Ed3543C3FBF547C775891b 0.04
0x9a164d4631cE612a4b6ef40fD42981047f4e4168 0.07
0xe7e7256a93a2a6d1a0e30e99918347359857469e 0.08
0x9a879A584F0149d2e17709364d7c4A75aF9C3fF6 0.05
0xf981629fec2BFeEE6f8E025e2F3C1c8D7B5E9b47 0.09
0x1fc89F20878264eaF59bF43dE791625168e59589 0.05
0x642de452452e3b0b49b5531d7b66855fd15a3277 0.09
0xDB46f57ad5F4D393Aa9f7430C9FABc1fd94c0635 0.09
0x7938aab2E0857aEc58E8C52bF9CC150b1CaFD210 0.04
0x70AeE3Ee53033b7231A2639887CC9b9b748de303 0.07
0x817296670d5a2C11B09C3C303FF880740b140d04 0.06
0x87cbda747b1b2c128f976be610b02ad13e9617b6 0.02
0x3036142790BfA3b773244c8145e747a26c30071E 0.08
0x6af8250F43cea5C5a85e092d44272aEA63498Af4 0.05
0x591F1D5D3b7D8fE4287858A50AcCB6460EAA2a02 0.05
0x63867cEe9F04aFCa6f46baC3afA96351c3d6A66C 0.02
0xEA8f9B6e220655B15F29E193B681953C8A5da23e 0.08
0xeb34647f8e82Affa142a32A571996dE4aD1175e3 0.09
0xb623a3800508407Dd125c7b30D4baDa912a27a70 0.03
0x469c1979bf8d226060e9e8225a197a7d9e859d38 0.05
0xd55b2C5F6Fc02cA28269DC4166cfAd11f57FCC91 0.01
0x6552F43ab31d6F34F8E33E2c550b3010CF2A1C38 0.09
0xDC53392087ff82Acb7640b8AD14969305F816686 0.01
0x461458543Ec5f9C6e373F5036A44B5e56212E720 0.07
0x64A0142256cfB838e5488e9C76488e046c0B04C2 0.03
0x07915dBda5432B65Eeac2359f7CbBD1f1233711b 0.02
0xF5a40B348AADDeCc10Fc91de1653e043a3Ac957C 0.06
0xAF9dBa51745A5a6e69D5E974c54900ea02a18154 0.08
0xad6c87eb8399a2ffd1af08feea67f6beb6817e15 0.04
0x7C821DE6D5234A1281Cd333427b921969848c459 0.06
0xcf66916709d86A9bdFbEFd2491b78C3986BB96cD 0.01
0x18f36ec3d7b7c0d4d13e7d64813f1c281ca240c5 0.02
0xD8480CEC448333A8d7cff571B08e0FA9EBeeD79f 0.01
0x9dBe088E3f6f04049b620FB6c5de7F4efa32b887 0.08
0x8E85257422745089CBE1FC30Ac1D42458f733C7E 0.07
0xA244a11b6bF8eb714093097D79d81AD9801A7Db1 0.09
0x2EDC66318956C30Cc9480f4B855868553AFDEd66 0.01
0x65afeD05317FE28522a798e68B7e3Edd5bEeD767 0.07
0x0cC96Caa0cAaC01127452ca20Db6f659FA9918b5 0.06
0x71888abe531b3f38efa9902e05996cb5cf863fa9 0.01
0x24dadf0d812a67461683a949c543066b865dd121 0.05
0x1194623AE5dd1c56442958C6E04dEc214d8e2abe 0.07
0x609B4B4c0708F2C508Aa30767a2f30E2A1D456aF 0.06
0x759613eeBe9013929B02ea3A21446C65154Ba538 0.01
0x8F343987DF0Bd83F66614cf9DF9E88f33AedEE01 0.05
0xba6f86a89bb5508c7d0543cc96124a4cc7edc7af 0.06
0x02aa5Dc7c188d933dBDA3643C3B6083dDc80c477 0.04
0xf48C6336E7304114293A94C0709C80c362491226 0.08
0x89ce5e0F8e3d744518fcb7b88EcB7C7aD9D58993 0.04
0x3c26Cc6A720d7FE523857915912Ef78D333fF663 0.03
0x3eBa32EdD82F2C906714EE3124C2F314D6ef2BA5 0.07
0xF02FA0dafF2Ab63C28b4EAde420d2000EA196cB4 0.03
0x1b9fbab70CF7Bffa134D6985F00CC17778d2E5dc 0.02
0x2842c14b1DFD30Fc9Fa7255d2A9Bf19878424Ff9 0.07
0xE4654C03932F2531e754A2abFFb723909d9d1d3D 0.01
0x24Fda951165D8483E1e60e737c2e86C032D14B18 0.05
0x1Ec6C6A455f318B1680AeD46525Cb7abAE238985 0.08
0x2fa584e01dffcb27e1663bd747bf8ff467cb2f3d 0.02
0xD1569627E9A464f753440268014135728E2b3185 0.03
0x87291cBD96f5D2e427CF3c59797Bdc2774F8795A 0.07
0xd005B4a641A223EDC6b1ac897E287f274dd7AbCA 0.08
0x698F8cAEd11bA0Bb87aEFeB4B8c93FE0b2d57491 0.02
0x5a8bf26efc9b49fc1536e49a4f235baeea7446ab 0.01
0x39399Bb50ea4F097679Ee98B93e79ed097eEE4f3 0.02
0xA5e20B87a468db9d692CE52d61fA7670d1f2Ac49 0.02
0x97A7020085A93F03B60591Cf04C681e85E1D7070 0.03
0xDCCDdC7554c5A3B9B8Bf868b2E6a55B8B37c806b 0.05
0x0a406bA95d0C835E83Acc3ccD334C4B70dE43e99 0.01
0xB5E445494AAf769Ab400D927F54fe2f7795Fb28D 0.03
0x1bBc121E875CB47d0BA81021c04B842eDC34F66A 0.01
0xbd2fb8fb33602480965e66117e75c693c3b03d04 0.01
0x1e120C952F24c5642e875D3fFDDa5B3f2D80623A 0.03
0x61843ae75aEafDA1893625F72265Fffe40A460Be 0.03
0x82B4Fe69bde18208ec030538c796dd98D1Bb35D6 0.04
0x32f137dBBdb16d330740013B9E1cD261638548aF 0.07
0x0E3ac20Ed4Bba3B6Af254b630Bf5fd1a3a954F07 0.08
0xf15a6ab9fd6130d2261fcd6db8cddb03fcea005a 0.08
0x7c4c9303a95f7ec2c83cbebacd6e21ea1a3eb8ab 0.01
0x6648eD53494ABa5BE58b96f6EB8403914922245c 0.08
0xB0fA57A61D64ff7d468035c8361b074d3b7db272 0.07
0x9f4888bC1D376995ab47e0330c4d49E19185E561 0.02
0xf95dc7a21c41fd90990e4ad86696bbb243ae7e00 0.08
0xe93849A185aB4978617834b5D09FF89e5d9c8E26 0.06
0xDD54451c4AAB944dC1311aF54942733C56de12F1 0.05
0xba5F89A621Efb22D7BC8bed05AdF7Ff595614eF0 0.04
0x46C4bA5506e0cFFe773f474Ee6512bA26CACB146 0.01
0xFdf834dF067E2Db838Db402e1d7Ce624a159a5b1 0.05
0x9b6b6df78a67b19bc01692185d9eae9d5c3b117c 0.05
0xa00bf3674bf2d457b40555e8d9f5e1b551ba506b 0.02
0x8d8e5f242325ea4b4739b7d449186b7670b2e8ff 0.07
0x959dcBB722C32c814c1CcDA0aFb9A10B6ba78430 0.05
0x407783baF6A2ba38A086bc86523F781217c203eD 0.08
0x8eA28C43a742aD95Cf02ea4435c231C3C16eFA35 0.08
0xc1a728bb790E0A79eD95B7eB334837Da56B3a8d6 0.06
0x11ec960B391a27bd2c9568806E785fdD26326E84 0.01
0x726cE00491E2f87ad25EB0C8410cd5b0822cAbD7 0.04
0x3dde73af269e5465de3b1FbF9aec8D3A7c03d9bB 0.06
0x95a106b1352be0420a514f0ec2288b8011e2c186 0.01
0xc6058F7A0523E8a2bBb6933fF93A7864ef87f696 0.02
0xe46669d91e9509ac8fb64fc408503425362ab375 0.08
0x8912Ef36C369d85BA23dB1cBd4B59d652e9231ac 0.05
0x78a0215D08Ea26A21f1EA1e418A61fF420A30d6c 0.01
0x4A91cFE17109d1e27844494AA211Af40Fa2b6993 0.04
0xb248825986D85206301356e8aE31ee2B672CfafA 0.07
0xCFC694C3599D5232EcA498d21E5cEd47c1b7FF38 0.06
0xe4e3f5ef00d9b3470609630d41efb84ac668450c 0.06
0x0E01C8186f6866E3C9d852f9DCE329D68fFf8cdd 0.07
0x50373505361d91b513bcfc788f564fd6c099cdbc 0.07
0xc70E6Fe075E737798A0628D82306BE55d73275D6 0.08
0x0406Da8641b9Cf376c338646D2347d7B08aACf96 0.01
0x8647b5c5BBD415e8Ad6c75aE3A92Fb78a060ea9f 0.08
0xD4976a88ce6D322743DD67dCE3D56573489F7EFC 0.09
0xb60c9df1e8225d5b7A7a46FCE083C514ED870217 0.02
0x3365ADc84eFf6A9291Ea188DA8E4973D1Fd5508D 0.03
0x172B47e864172426bAa1b942b1FD69928BA59b2E 0.03
0xe1fFB1028c9E16a10f9738233741319D66732103 0.04
0xfc5e3fa0D14dA81D691a33B6C2830Bb95117785A 0.02
0x8989551bf8bbef2dff4dfd36950ad0e97b7fdbb4 0.08
0xC27540F48e4992451b4f898640F1a952cCF5c4c4 0.03
0x42f01b9a331563d061e9da01989cea492577d465 0.01
0x9d4020B4205bA4Ee5E470BD625DE9310b5dcfF23 0.03
0xE82292F7c0189bb323970E734812E64b6Eb7A758 0.04
0xfAE836581e88571374E5cd638B5a33907333AEAC 0.09
0x6Aa808bC89609E07d57E78e65cc472DfD0fD9aAF 0.05
0xaa8196a9a8AeBC18b632844F4B155cCEfd610fB5 0.08
0x8Ab2C21A5346Dd05B4b1cBF848fC5c1F6c74FB87 0.07
0xa70592bb4fad05557b03ed25bc87b1eaa0330252 0.01
0xb6ecb6fb441571f14400d712ae99889db1a16f12 0.09
0xD40D2d5C504FEA82F07B46a0ecAfaD5B421d0F7B 0.04
0xb1ed12C8A8c1208162598C9e8132934b32eED87B 0.01
0x5dE7089dF721aB6dAed2e3ba981786857d310C7e 0.09
0xFF36fDA1dbEE5CC882bFD1Ae241DCF4cc194B358 0.09
0x5972278b12911A45FA71BEDa2E9AFC03A196366f 0.07
0x568C7a84220a7116594bBdf9740624Db9F3bf4d8 0.03
0x9bbe51C42d66283a7eEE90e40Ac59B2Fb1cbaDB8 0.02
0xc705b1C87F1ecc6dA85240A8F3a3cD7e6F06CCB6 0.06
0x093F667E6CD6C278DA16ADCc2F7B7AC3E353E07A 0.02
0x3a5d55b71edd91410d7cEB5EB3E2788Cf6bDff76 0.03
0xAf6DaD35Cd1C16D1c46C559FF40feE65CC4aCFC8 0.08
0x51b164AA4e45135Ef2ed6f7697a09305a4714fd2 0.02
0x1252cb6f612d59f61f7b5a578bdc43d1434082c2 0.03
0x2c4da6eb89da941db758f14f382ccf83017c2898 0.08
0xF17CC3555E542B2Bd9B060f2555993d2DBaCdBaa 0.04
0xa094A8D01790AA813BEeaee49fDEBa23900f2b72 0.09
0xC6795B734D198695bB5BDe9D3Dc9bd1028AB7138 0.08
0x3A8d49cF3a2ACABDC4e0ea5152Daa17A4eAeE077 0.08
0x603876563aa6E238d21aAA8F5b749d6DcDB696bA 0.07
0x3E6C130A6Da2239b0c003fe002CC08d2976cC8f7 0.04
0x4c72635f6c868ff362822e73b64707c066A0Dee5 0.07
0x0e5c0a3ac2cfe2e8f22d89625523659d2b2228aa 0.05
0x371bc7e9cb9a3483ed6d9a6551db8462fbde2365 0.08
0x0600dB386Fc7023df7779D0117855A806922ffE0 0.01
0xf98115975955dC47fD9316600df6500D0DAeF521 0.05
0x8DCa581DA51276F33A885114cC4f32f41BBBd6F3 0.06
0xd9456dFCba04a381BC419749a309504D7980eF14 0.05
0x916C246a315a9d42FDfA931D088c9ef3Bc4906E3 0.01
0xfca608686a18f64343c032d20ae0ee91964d0166 0.02
0xfe3ea71a786526eb403c0a9f2e4bfb097e42edd8 0.07
0x497A272Fa2487e8f7511FDa38Aa52da6dBF31Bc0 0.07
0xf59c82c33f7544B2576b51AB6240Eaf76d6129a0 0.03
0x2E5CB360449D344d325e4A11bf116098B693B2c8 0.07
0x5b10d62d0eca16E46F23035E9B729392DF9bff90 0.06
0x97eAb5248bfD9f8FEC713BD3737Bc361941Ef92b 0.02
0xfB98139d346b0104057dEad3893de67F541f2deD 0.01
0xfcc5b9f8949779cfbd76f11ede0e97c0185b9e10 0.01
0x174114F37423fB60f284A20B1f02022880B1AEF9 0.02
0x5bc782a01e7d299030720ab17274c8b20c52b008 0.05
0x458561FD0269bDAdf670752a7b1645a7CAaaDacB 0.04
0xd5e2d706275d13772e653e63e8e431867fbbf8b5 0.01
0xdFD2b98B88fe4C98Ec3ab89E4D49fafC095E54a9 0.02
0x866e4156088f92db9c7fb59848d38a8a22542fea 0.06
0x4C4bfe12954336e3c47CD3bF889919B5c1c7c3Aa 0.08
0xe28DD9cE95388499a1fc33D063B885b66eF723f5 0.09
0x565813BEd0526730214140073536B6FFAE369E32 0.03
0xdd458934e78012dd7fedb763999f9ef5fd204a91 0.04
0x2a8b815dcb91483d32fbe5a8d11bbda0c268ce78 0.05
0xB460B700b1bD06357b66aBD00acAeea03d488222 0.06
0x13C560d3d1ca50a95Dd532cEE50D7020A654763E 0.01
0x3F8CA44560a529BC89049DAf91Ca2d6d951DEab0 0.03
0x3547f5ecB7390Fe3CCc0CeeEf9d308bD73130dDf 0.02
0x4dfbc5427b133be1c085d661ef2f030441503e27 0.05
0xa741C2616B3cA4d500dbF1241Cf933b8DF43e216 0.07
0xBfB408aa266534793D6D2614123a3871E3397f5C 0.05
0x3D67641Df68857496A08F96BC1aF427C6e9ed46F 0.03
0x0AC222a9dd996468A6a73D472877D30Fec1aC4BB 0.03
0x07b8145C99972240901441EF19e2546c8cc4De8c 0.09
0x7739Bc9a6285865Aca5c569807E0CAb83A5e7E1a 0.09
0x9096f3500888c8118b6387d32577e0715187e935 0.09
0x4d20772C18f1f618E63499a9642e2ee56050e870 0.02
0x98D64991c9208251E34E5D3144a0D06526471950 0.09
0x0167c57106D117f658FCfD40cE0570605F61e8Df 0.06
0x69b20b267fE37A433D9B4937911B346b8830e7cE 0.06
0x7C0Bb7d6e97f68c96cE996d25F44170d0aFc2AFE 0.06
0xc4bc11ffa17a7daf9ca77c1b8ef8fabda691113f 0.08
0xF75594f1fF32b8e7700c0A3F4C6C7d3ee747c33c 0.02
0xeedf9e7e74b7a7126b9382fc96c048770195cc8a 0.01
0x82ddc1716E9A5272B1f0bd7d179304bA53bC52f4 0.07
0xC298daA7CAB8006d891cD73616b0673266880036 0.01
0xb613f5c4b2b523acffe01a2338b90a4faf326154 0.03
0x17F9dD46eda32270569a30a82042669F53FDd841 0.07
0xd78DEC5b51631e2b088a4F9c77772422ab95822E 0.01
0x14454a7Cd283374BAb16504DfaCB2550a9FdEbE2 0.04
0x4b430152c72f9078d95103a4a23d1a9fc1624fee 0.03
0x62a76FC8b0Bc44E29cE3e6dBf66b7faa5D5c397d 0.04
0x11cc0974350550381133ae322152885bE3Af8568 0.03
0xa35b881A1AaAC052A2Ba48c48a8a967FAC95fa75 0.09
0xf22F6D4365047664D615363189270AA4ef951cc0 0.06
0xc4dFEabaA83266B50483d62cfA50A91EcE57b97A 0.04
0x8555b31b10aaba4c0c761bac07deeea1e403bd9c 0.02
0x04dee2ea051a9bf35c9e48e516c509b6b4db0978 0.03
0x7312ee160b976E9176666b48D8881DCC90a7D0A7 0.04
0x31783c48E8430FC536Bb4cD7153b1544b986fA83 0.01
0x3DdE81d64c3Dd1687706aD18e7C2Ce9FF65B4bc8 0.07
0x954Ff605559142C45354F4683F29378aD8D82070 0.09
0xb96bf526a8e91e614e2c1f9cccc4fcdfe3f8ceda 0.07
0xDf7774148a64bf1aECE9B9073c571Dba09514063 0.08
0x51313f53aff753105f88bcf1e4e844ab9c1817b2 0.08
0x69c60bc861c3d9bB8741f28893F40c822d6eeb27 0.06
0x30a293CD8120aD2edAa9DC9F74d72eB189e95B3C 0.03
0x676997A1c68fE81B3e33cB822234060E823EC77c 0.09
0x6997C89f1CAA57e7836131016c5b80801b0DB994 0.08
0x03541c9368e9002a9555cd9bd7beb67b4049afad 0.03
0xBC9EedC6F9b4941B345F24B72E4B8FeC8BF8Cb46 0.08
0xc60A4ED5593D20EEa35D4e759FE5E05fA9cC7026 0.05
0x1C0490730C3B7B91Bb138E96a7A3aAecB327C4fF 0.08
0xc44aEeC75B01D20E18aaC1402CE005E7Ae232cb5 0.05
0xF4997abDf424186662D74FAa354d1f1aFA29b95D 0.05
0xBfa6579deE03B2C3CD3De893B9EeF1826379CB94 0.07
0x79F3C62158cD0Ae7C554f3aFbaD7293d3460a33c 0.03
0xE5FB8CD826Eed0A5ae4133DfC79B5C9ae6490AeD 0.03
0xb393277dcee2e6b901929e7ea5ba3ec4309d0df5 0.01
0xe0D650fF95C08CFf5e0645BB6de56A8cE6F0fBf3 0.03
0x814A1896ADaF4A2C0796cB1dc7c25bDB5B906eB3 0.07
0x9A90357cA2CD79Ceb778F7417aD9202b7e044aBb 0.04
0xdfD898109178d693e4d3620B5942e3a4F198FB9c 0.04
0xDe49e0800A5dd29CdeB32Cb250a4a669D8A76A0C 0.03
0xded9412ada4c29fd56e9905a15ae40d1f4f99ffa 0.02
0x52571AFcf94e8AD1Df04E64680180D6634e2FCb4 0.06
0x65e14241755377e8d4cede0b178c249ebb005980 0.04
0xB37159e5Fbc09f4f298AAD15dC432e4D7075d540 0.03
0xC31942D1BBfC8F0042BAaF5Dca172D76b656fda0 0.08
0x7E9d39C9E4ca38a8fF8DfD53136BcbB01c5174Cf 0.08
0x7b6525ee1bfdafff5b97e0f25b7c16678a8feef5 0.03
0xCFD9E623862D56b25dFBA6cAE2ebCD88669aE6AE 0.04
0xEe24879b93A7809BcDBe9ca8169CB34e29f0C0B6 0.01
0xEbD43E01f74Bfe41d84E60A6f432E036f90a07bc 0.03
0x88D95a570C4Ee500C879Cc7d1fe97aF872Fa1b23 0.03
0x29D27D85EDABC98395992c816a608892650Db916 0.01
0x48eca0253711686493ae955275cad2e51c990642 0.04
0x14d2abb8c3bb3eb2a4a19e153626a25499281271 0.02
0xAdb692D0d91205850a6DED79907B6761e884363d 0.02
0x8447004cD4f6E8045670cb0f4D5F827A825171F3 0.07
0x1caACC83D5600b866f33fd0E7650302Eb9A90E3D 0.09
0xa9Fe19b2df3de95eA772382F08F4ABea1c55D4f5 0.04
0x6A26992B8fB014cbb0C23d1113E51949cF507255 0.09
0xaB3a476a0933e7f27E67D331F5a8108BB1c41F52 0.08
0x8c013901c756db0fc24a9df70e7fdc17da8b2666 0.06
0x1942435Bafd891bF36fCA4E1FB870662310e67fB 0.04
0xda50d57a51967505e1daccfd231bcf71a68f9d01 0.08
0x977937466cB0Ee405afd13c555E2357B0183a42F 0.03
0xf6ec4C023e12f9dCBE6556a0CB60837f18AB89db 0.05
0xf244e286850e76ebca0b2C67F825773852798299 0.08
0x22097963cA749439F1fe4D1dC9baFF72C30728B1 0.07
0x436f91C6Fc4aF2e9Ef8b91c8c0AA26B29415D678 0.04
0xc6AC9ac7aF9e40afd8478C9C4bb092f1b1b99beC 0.01
0xf7b3947f911d85de79c6d6fa7d3de5ca142da4cc 0.01
0x2Aa8AaD3C84b91287a0e1B780E61797ed9aF296b 0.01
0x9eC8193B40AFFb768A3b3297e02490f7334Daf59 0.04
0xdb45f499faB7667AEF651Ade1dF60f292a73F511 0.05
0x9434438BC9362DCB19fb3497ffd625D2C3cF3af4 0.06
0x68F133aD7E9b96167B234A957733073683A811e0 0.01
0x848ad8e4cd28417801965076c52e1408466ee9eb 0.04
0xc5705B4014F6AE22d0c1ee558Ba292bbb3aF53a3 0.03
0xc61294Cf7675618F87d595Cc5EB933F8D453dCBd 0.07
0xF9c2673735c5027620019141540Faf3A1377d8E5 0.04
0xb8ea5700ce62be01e1525488cde2be624107c0dd 0.04
0x99453F45326787034e5CCd371946E92251D629B9 0.02
0x6B262c5eD237117b17867c259F0746d9d40B019F 0.09
0x55A0eFA4c497b429b16edb376B2e8DC31C7C6D30 0.07
0xD6eBD5D83bFE07742Ac159bbaF116e6172e7eDd4 0.04
0x8450774582AC4bEA8B1395c35aad5c4FFDA4ceA5 0.02
0xfb5902f285090a5476d395a3ad7748742f5589f4 0.06
0x5adf7b388a95d0bd68e94ad477d06a9f06dd4be3 0.03
0xE597dA9dF5D83a7F17fFCb4Fb6018f34A2ab3bCF 0.04
0xfac5dE7EB03c588EC4c4791Eb562141fF07cc7bc 0.08
0x5ab23c721Ba196f74F0eE04eB255e1E4C6E7A47f 0.07
0x8C0BEa5c758C8f000abb9c34D6B022141ee684Bc 0.09
0xBbcCBF50e927a842A3a257C021Ad00a7c7d5897C 0.03
0x0D1e597385B51dc473fcDfA9f72A89BACDEF9484 0.07
0xd1A64c0BBaE60944d01FB1f831E6FAC8a6C68B22 0.01
0xb88a3e017b367303503ababa0c458022ee2c4107 0.02
0xff362e52a9bcb8d49722fb1ed201ae47b78f8adf 0.08
0xba39979Cd477A3E719437eb2d37F1C7229A960aF 0.05
0xf30ed12D414f813A2814E821640Fa339058eE773 0.03
0xcBE53746B1c82F54507e71B334Fa1dC96dB43F30 0.05
0xC7Fe3397d3B239C37aEF24da7Ea544CDc9b8b8dd 0.04
0x2B6B030685cFaA6F96b8d8Ed76D7D78308f84A40 0.03
0x549bb13563610cf283cd6e64f26d2818dc77dee5 0.03
0x4AED8168C838894610ee4E9f4183907589bA85f5 0.04
0x66c2bf9b5eb71405c3c03767888a0d7631c375bc 0.09
0x6b07d4acE5bc9a690FdA9ddeb5a0f131Fda0b257 0.02
0x6205fAC4736aBae2227a78DF7B3f0b9d57afFAed 0.08
0xB3F7CdEe3eB1A235dbdB9d9231e75806C3b150BF 0.02
0x46E5caED4Fe50323d679D1f5e1fbFe92a689D57b 0.06
0x5236dD1E84b894dD891AbF33432dE737CDcDD2ff 0.08
0x1eeB4249d9A838Bc29f970DB0b857935FC107503 0.08
0x15c304129C4180B31b03E3609f7A579eaad75EF0 0.08
0xC5B70690995eF626081aFA3012530BD183C6DBDF 0.08
0x484Cf15367d501525dd72f1E2b0dF2EBC2E1c8Ce 0.06
0xeB6E1c5B0418a3aaA8d7fE40B84d7080bDA9cA69 0.04
0xE925dD72d9661bAaE4Ebd6F12f0de4Fc91f79c1D 0.09
0x9fb652da1354e055505b198affb1efcbb9c52fd0 0.07
0x5cf584Cf079251FDBbB51B73131dA9ED2e8169A9 0.02
0x5faa6ca1bd27c3264e5917ccbcfaa6e0992e3f23 0.08
0x9Df1Fee624D7838ffD1273123277045B29Bd963d 0.03
0x6d0ede51E3aA258755AF379AAE3a0d02b2F38b52 0.04
0x140d90fff136c2e2b5ea92773b49ce78b8129585 0.02
0x3e6e718B468f8e4A57681CBf4A54a256868102d7 0.02
0x0D4453968C4D2945d719e171fA593fb67f742216 0.03
0xaa668cf309834976cf9dec3e6a5819b84bf29f92 0.04
0x9A860a3d71907F2fF14daaA43EC8fBE98e7FE8C0 0.04
0x220d000c80966046060bA9df07bDacBD1A6d7E35 0.09
0xc411cba697408540165b50880be3209eb540de5a 0.09
0x76C6860A18B4A810530E0175dAd83494Ca69fa41 0.01
0x826e6e5C8c3C1fD180E0632f901f6E446d308097 0.02
0x8ddae447e9446cc97a34bad805d188ed0d93c992 0.07
0x24815a0B803813a5b18138f89d085c95b28210D8 0.05
0x4A490BC92C79597CDAf328F8d1EE9B130C2678c3 0.01
0x055b376054807236eC4bBE2cA8b8c296F1293a15 0.05
0x7a1249366e17DE63a469d1874fE4e4Ac84cFF042 0.06
0xb93f19b6e1392ae69c1ecea35ab255eb77be0571 0.08
0xD382c8F5CFdfD9fd0246B1B6b4eb57249A567a74 0.06
0xf063edd6f5459558ca82460b641d32a014730891 0.01
0x525DbE09e1C660F990C72Acf149e7850b06C0326 0.09
0x683dfF6566c80c1AB68e45C8b1832Bb9b403756d 0.05
0x1802af59Bf8194C2Fb43a896B83071939FEd77F6 0.08
0xb28a184084971eC50366B47305afa103b9753f4b 0.02
0xD1b828BD513B31823d11e743f2cEba8254333F00 0.02
0x9c576ecd936A8fB192d67d8790bee3c3436A75F6 0.02
0xBe2861510930d91968F8fad21354F744E91ffc08 0.07
0x40bd884c2525ef2d859e28934d552bedaa07cc81 0.06
0x4c30248953cAfB6A19269920a052d4ccDb8516A8 0.02
0x547b0f866DCF035F885e48cB986815570CB1837B 0.06
0xC0cc8595e74e5265CA6F3e34625F33CCB6B62544 0.01
0x476e76550c30d89f4d3eee49c3aaf7b5c245cb7c 0.02
0x55e3568050db6bbe262da5f30074f1d57da8523c 0.04
0xEF7e87eeF39e43FbC6F8E16A3c24eefD200Bc666 0.09
0xf56497B469546bACdE43F5AD2D3E669B46bACC90 0.05
0x651BA04a59c78191CCcf8c35CF01060b80090C42 0.04
0x6361E6D4B4698c4353c2402769FC6A69546b558A 0.08
0x96064aC8Dee5a0Ad01D08518Acc747753536aeD8 0.04
0x46669db5eda7729ae8e2f8bf0b7a0d9c48fb4e01 0.05
0xEe060AB3B4C18FB6B0F8a765a0eaa7AB7130cc5c 0.05
0x31fb1726570fa14E2ec5e56b18864E29F58DDe1E 0.01
0x10cF8DC2Dc3d3FDb5F03c3df8eD26EF6294C5444 0.03
0x8fDa3Faf9A4cAB91fb1569a36EDcBCaA6B2F7027 0.06
0x41cBf32205d5eB4A8991A238387973e0673fBC1D 0.08
0xbbc036a21d5b237f57b95cb3388c2738a23a3598 0.08
0xdF6d6f190503f15D8779e05b0a685Bff829b147A 0.03
0x130dc25f019cd35928f036cecd9b8e26137ca878 0.09
0x9b310E5e5dadB7aC0DCa6652596Ba86532F8b8c5 0.02
0x90af5B728aFfCC265716A5115DA51F53fF354417 0.02
0x84D9cb4eB1B3A73D9DF45a7d654dC40B38D3215D 0.01
0x7efc7d79161C99022c2f41Cd935Ece0446008b87 0.03
0xfa61Aa665b45ABBaf15806c107aA688138dc452F 0.08
0x9740c2afe92c65687440d6d70a187f582d63c02a 0.01
0x756DbE15E5F46ac354d8eC6Ed0925A5ECC423e7F 0.05
0x0CBFB0396AC899390FEE3963730DBFFF84C2A31b 0.04
0x94d8bad7a91f30aa20a76a7d9802dc3d378c58b6 0.07
0x32BDCF31836ab7062f18314e45508280910D53E6 0.01
0x48086F6F7bD26731294403144C713DE49fB05Ed1 0.08
0xD708728a12591689E3ea9A8f1d4C3F6263A382bF 0.06
0x573D22Dbb398e08D9A932db38970001819176874 0.08
0xc1f42bD60c4Be177b2186022FDDee425362b60FD 0.09
0x97d436c4f40f01b55e57f73aa51c80a51a678e10 0.08
0x4a703C8Ee428137974b268D52881eA92680D39a5 0.01
0xA0BDD05C0B7F73bfbC90656194101Bf0691152e7 0.09
0xe8A37ad5a7B55C502237E67A89d89388D468ba88 0.08
0x1d388fb06a8d77460eaa0dfbead0f9335add48f1 0.09
0x5521C2F244Dad0C9adC2e5224D8A69a0adEb64C7 0.02
0x518A3698e3A739Ad3c5f78037eBE1fA800873744 0.06
0x8CB793A67eE04fAe2BdcF5cb113200Ea7dEEb172 0.08
0xf439eE7412027C2D2293DbcaA339d40882D0aF34 0.03
0x56ab8971eb97d1f419c5786f01cb3578beac7058 0.02
0x284D7Ab190629f27D093c14c9B161444FBccB0bB 0.05
0x12f84cd24ef24f79114951ee2636842e73d8386e 0.09
0x3420Ff6CC09473E7cAD49d7CC19EbD862e55D31C 0.09
0xA78b2c1B2A5c91Ebc7F7D597c92247434e9C2bac 0.05
0xEFAB6BA9DDaAAE211B4cA59B1202E8A840FcDE99 0.03
0xFAf9868d48C59f4B8dAe36AA31a91B8e5a41A925 0.02
0xb82542DC988F64A0893694eF63fED5d0E2afF5ad 0.01
0x8ebFA52C05bfFB3E9A71e3F3B9E26726e6Db619c 0.01
0x0120D3cc2d2B2264F226fbF2e378742ff8C57039 0.03
0x424c7025D733dca6a2f37F0fF3167eAb3D5a0023 0.01
0xF31334276B84a77b65F1494e79b1673013841baE 0.04
0xEBEC66bF111Ce6b28Ed1e66791184756A8bc8B6D 0.08
0xccb4b6920f34ad34c982dbf279b6177637e60069 0.04
0x8ad84ef9e09e3499a2d380a7cca167b4e9501bfe 0.01
0x72D07cbC9EA071D632d7ae3138f7Cb93F2F994fC 0.08
0x61f6306772055B15BD9156EF8E807123bab36f1D 0.06
0xcb7ba892fbe948af7d3153d6e31f2b1bf8cf633b 0.09
0x75f557d6a2b28F713D8aB412d8Fa262A0077081B 0.01
0x87a79a3d14E7Ca97e0Af42917Bb26A73e09A8253 0.02
0xF1e28d7A6BDD2e42d45b3c1A3B4275C7dbCEb84D 0.07
0x8bf82dfeeaea185aabed64c9d49ff1ea15fb9a84 0.07
0xaBb7fcC7eea55F425636F5bb4c6AA41eF411C829 0.09
0x91c48EAEe949f70f7a9a067CF2024f853A1E8C6B 0.06
0x932D0D8f274e62b3351434E542237b825a381a43 0.05
0xCF48AD8482BeB3BA78aB700068F6884CB2368768 0.08
0x4caa99a7250f59a4c5e73d3a7e58344e403e1d3f 0.07
0x52c71c835179d584bbe1835cC282e23e91F48729 0.06
0x50209bddcc182d2811b3969ceeb1d1925ba8f296 0.02
0x9b8A8f821836a891AF4e12EBC353dcf5aF9d8460 0.02
0x8E32C957aff5C46d486C485b10BA028bCcB43F3C 0.06
0x7de035f57FfED304D6729a2E08E5C23f0D72Dbab 0.05
0xDb95C390F8f4BF5A964B45ac6D0f333758D9Dcb7 0.02
0x10951e68dE3b9E5dC31Ee2EaC9f5F75e181162b6 0.01
0x0C279cF1B8585A14b432F89Af8D23564E8Dbd7d5 0.04
0x7b8f7221b1e10603b3b75f1ce528067deb4ce9c9 0.08
0x36Da186B6b6bf36De875Fb571b4EaD646Ae8b2C0 0.07
0x58515cbf3b2e8af96037893024aa7f6c5db605b6 0.05
0xdc3a4B59935f013d37aeB0e1DD9E420fc8dfb0B5 0.06
0x5658D99C5b3d341A60496bbAF997f2be7552FD71 0.05
0x19735F21026aECf84F96457c40D9ebFCb33e5a05 0.03
0x89177C0a7C5b920B4a4A66bDC54632572B9E3D90 0.06
0x64F804A6fA4b87914892d1B0029A10De3c526139 0.04
0x4218e4c7788a296a7d5498450ec9191e17292811 0.07
0x955E50F97B109Bc45Ccf5a10e159Fa4C7c2C6804 0.06
0x120741f0f68F731AE763d04E7c3044b49cBB9a15 0.06
0xAF01334D5b2b26d2F9C358ae915bBdf84A470Ac3 0.05
0x128bbC32B2cAba6f8617B92063e808eb18C650C0 0.06
0x9ce768240a9c21da67e18dbebffb005b832714cf 0.08
0x4ba1CdFE3dfb0B2243b4908C9018a681314d5044 0.03
0x51aeD95592f4a80ED19F05c708783699a1FE627d 0.03
0xa863894D442DA79bFcf8c7Eac016f1703C58Fd72 0.03
0xE6735CeC181Fd8Ed7eed11e6B1fa64B293593817 0.02
0x693894B9A285E58eb22DFA3A460a573dff0843E5 0.04
0x8b81c761d96d2b64d196fb436ece9088681adf3c 0.07
0x67f933a3Eb045c5c7A14CeC656B37666442aea34 0.01
0x314fd2328aaf84a8eef90106fbe6ab7ece9adbf0 0.08
0xD7A199b1E2010315f6BecF113f9A2fa5CABd0A07 0.04
0xDe6902417073a468DAFF06E98aEEeCEa0860a437 0.07
0x2C59dA4303FeD68983294C506016f95b63802770 0.03
0x0f2aaD1ee22160Be224233988383C1B7d950da04 0.01
0xc18df83ef8cc0473a570a9d1e073e09a8d2dec5c 0.05
0x0Cc1D16A92F2620e14C2C86e3c5C3837B7578587 0.08
0x3a20e601717b909488badea4f0e0ec46afcc83a3 0.03
0x23717E4db673B0E745e515f1358aF018aCE1b49d 0.06
0x05DfDefC96D92F918f44566B465018AB717F5793 0.04
0x054933221600b77Da875EaC824a6Cd009e796896 0.06
0xa8261e79ef496A511D429086126FF9133f871dAc 0.08
0xD86F7413eA39dDd954Aa32FAEB7037ED1D4a7a1D 0.08
0x4faa1Ff5693e5D1a1b78d7f94156B7C50ef58f3C 0.06
0x1E466Be90b7dA07893beFda97A855f5E09292b24 0.03
0x5171bf8a42Bae89FDF0fA767D15deC9E126c768b 0.05
0x5595BBe44950886C0BeC4A7902370232387C8907 0.03
0xbb1474792cf2eb7b330269aaec037d6186eb07ad 0.09
0x93C777Df3e3fEF609DB9A9c1aeD9Fb62FAB55eD3 0.05
0x54C9EDCf448de32Ad8170A60de635A042eC36E5B 0.02
0x3d0d147A857f1da4CdA2dAa2F7818272D3d4696a 0.02
0x6931c63ed546507c3046647DD9553751473e8666 0.04
0xDf3D8ed5E132fD0A1DbeE1821F6EDA835CEd4D96 0.08
0x56ce0c80ccf0e3c1e64cf5d5533eeb2b901a7b69 0.02
0x5F48DB2Db34C85aA069a8CE9487302bb5719Ba99 0.02
0x62240ED3Da5A4eaf22d1ae84472634f247474551 0.06
0x55798af63ddea738a7c876561db20ae813fd2281 0.06
0xe1dd88cf0e61e0cb459aa944922efb3b86db366b 0.04
0x8831958Bc4FA14B08D2c08f6557e9D4170D371f0 0.04
0xd638CfF60126683a655DDa9E56ee794d8Dc33FAa 0.04
0xabb8deb5fa20a8fc58f42bdd6fa84de994b6cf4c 0.08
0x081173ab6e1232a44b27b8742f3761c45ca45041 0.08
0xcAed8B84cc92f2EB0809362703EA9ac6c6a683c6 0.07
0x89a2D49635eA1A8c3440b6e91d417c610BB4e267 0.05
0x1d09F7E5648Fe6437Bdf5eB6D335e173c66D305b 0.05
0x1D784056aA4921cD4244B4b5fEB574F6231a8632 0.05
0xB3635Ac5790806759fCc5dF78BC18312d6F80c42 0.06
0xea5f9e7afa4a88275b2a9f2c55e94425f924fcf1 0.09
0xcb1bc7d55d357f8de451061a640c98bdb78aae19 0.09
0x44CD39192d124240bbaEa04c680e6b68b929B132 0.02
0x32F92eB7B1912D325Ce2CE416D437E27CaA927Cf 0.02
0xFc9A014D073526B0e3c81bda076DD87469D6008D 0.04
0x93712e044c7fF43bB09Ba5FcBd7Be98a5E57356c 0.08
0x06d44ba02035f1f2ffb7e783422cf066c77e68b9 0.02
0xE0E3F2Eea631184b797d95661056eabCF983B0A6 0.02
0x37adFC37EDB90b1f4d9799bA982B6dFd75f32aA6 0.09
0x064Ff61646cf7f48c7BF4e48Ac80a365729becD0 0.07
0x8F790850F2FA723178202A72E96D8c0E3fCcd774 0.01
0x5affc7dafc2ef398d09d4adce43ee35ef1485774 0.08
0x0655806e40E0C2599A1724F672ef3B96E0aeAC4F 0.02
0x198493eD628531616Ad4c966C758f2fFaa397526 0.08
0x0a005b6591ccb0c3822ee09bfa250cf3ac021f79 0.08
0x59d4D0E18d7A2Bec5B383616AFeCd144c50E6aC8 0.05
0x28BF015C435ddFd7a1E9d71CfF41E94B65701528 0.05
0x60F05145AE4fd1C93b6Ba977AEe17600E8a6d6e0 0.07
0xfD35Ef313e44D7E8549b7c122f23787A5b93485c 0.05
0x969FD0AdAe1c7693A9f572d80810edeeD8db47d8 0.04
0xdd4893f2f2163558a4f2757761C7cA0Ff95D825d 0.01
0xe12dEa85f6c48cac70d1C8495f3f36a7C5eA0951 0.05
0x366D2079Bb4F79FC4F260CACe0f2b99EE26b74BC 0.07
0x4b6DE91605CE0674a401Aa5cf046fE134169f638 0.04
0x6A56680e5179d6230F778d0a59d335FAfcEaF194 0.07
0xDb5Fe4b18340670F74FD7715af226213a9213345 0.01
0xb70c63FAfCaE0FF2eADDb3451A97155cd6997Cb4 0.04
0xac4b0003b5a5360ccd487bbc279eeb61d6341403 0.09
0xf85A5efAe8911916847E0710CCCe30D881425F78 0.04
0xdeB03B1ce623Ce57D2D1f89C17e21d1B8f9D6a00 0.08
0x3b7D87818bbc14F3BBc58B14780B391025B54E9A 0.09
0x5C16b60F66Dae26Abd233b2194E9Ad38e78d50B3 0.06
0x4e7053c814Af0427a97B55d886CE2227Fa753056 0.06
0x1B4EEecDCbA3f5d969cCb42c4C801218AC3b382F 0.07
0xc72d5ea49edd8e5e583670f426f4ed0b40a612d8 0.02
0x7f79e7f7c777c79c5014e543022b8f239bc40505 0.07
0x8Aa4F6b9192bA84AD413E9c562aF188E3e103d7B 0.05
0x6455A2eB77b443fE0f1a0F443A34acfD2146DD77 0.01
0x9B2E931AF7DD4a56E672F77299b2649453fB782f 0.08
0xc3b818513177d2470dc7c6906c4c8c665ce902ba 0.06
0x750d69C6bbE50a5408f1A95Ba95Cb1Ae50A3762a 0.09
0x982771F48Ee77fcB875b876aBfB99C4388bbbc96 0.01
0xD46dF4277C42e94290a844e5eD0b838e741BaB29 0.05
0x7ca4dc7e47fc2a2c0cb554580d53f7015ae038a2 0.01
0x9B49a03B34ef0166069f8c2f9eA873F2d20FeE1E 0.08
0x3c0AB5d57dda0e37AB9C344c3EE1fcb02Cf7a556 0.09
0x9F1cb325d78E215312C83c50594e65A5f01eEC5e 0.03
0x0562f0A6bd846BD1E74e6E89A4Cfb09B1333Af7d 0.06
0x8c2a0b7736d16d4f0cda08ca6e8baea072716701 0.08
0x30Cfeb77CC7E74E775c7eAd7c0733b495eCaB69c 0.06
0xb95eE2447345EF03418593D3Aa3F824232255EF1 0.06
0x52c7e54149ca15a1f0f6d6eef639e8d561682cef 0.03
0x88f4fd176b92ad2dbb731504b27c38e913ce3f19 0.04
0xC8A6d9FA80C9D8bBF9805983fe7436379345096E 0.03
0xF6a443977c95814c168c236DdF1A104deD55B909 0.05
0xfc8Cf9523710f1B903D46a1FE0A6c28d64DcD311 0.07
0x0a2d4579be7c3f62e23e971b38691744f9df0080 0.04
0xcB2Ee8fc08bB827A42460da51C168F15A9Ac5984 0.02
0x8798caFA3f25E3c5C48aa4167b0F405728fe4812 0.02
0xe7e0f7011bda007155dc26a6afc0651e92e7d64b 0.06
0x5d09E3e2580F5082420f464Ce0d31d93f425ebCc 0.07
0x999a8c63C8e53be07F880198c575Dc3a2124225C 0.07
0x204b2e3414914344b06efcb90f6feeaaf23f3909 0.09
0x5E4D233947E97271E13D79EB7875ee34211a254C 0.05
0x4a9b3Dce3b91A420B9ab6b07357b937c4a098FC5 0.07
0xAdF336beE2EdC094b4da94d4a7FBf386B24723A3 0.04
0xe4308a2634c85bfc2125925ed4af2b98ff67125e 0.06
0xE692256D270946A407f8Ba9885D62e883479F0b8 0.09
0x9Fe7f9c129889DE9D87906F5959bCfDf9402ba1e 0.08
0x06B0FC4aA75a4C52f552B4C4D811DA077783E085 0.03
0xcB9e681dd2aEdc0161Acf72695F34bF0Aa2E7DA4 0.02
0x735a3c9e86753a834014ae147fe447be2488495f 0.02
0x7f18a7Aa69b8dffD605A7c95F141cb29979f17fA 0.02
0x542753eEC09ff66966feA78bD74Fcf7f557310D1 0.05
0xF521DA89Fa577AcF9127272ACa8DdDe48C52FA7C 0.02
0xc077295134Eef0b473c17a6CDe51aC87B937d623 0.07
0xe731f6dB320031e5Af417AE5640fe51A8d1d3160 0.08
0x6C99f459a1B7B916006A4F43a8d45A0D3681e381 0.05
0xedbd266f6002e0626e348fd6eae500472b00a699 0.04
0xadd4f9b31305ef12c5e024971bc6ab480a4c9110 0.02
0x64D4Ba06f31EE67875ba70E2CD9f337bE6922AC1 0.08
0xae09f3e17Aeb1F768559C12684143fc870bf75D5 0.08
0x246A62bb9DD52babbb2BdD2262f5d3604E6901DE 0.06
0xdE3B61120BbFC480eBE4bc841f8f13190C097f53 0.01
0xBaA294F04Bc89974dA2a628A16456DA000D1cc43 0.09
0x3cF7aC03123B39bFd71ed6d5df046D06d67D9fc9 0.09
0xd955a075a81233100f692b1fcfed4412eaa840cb 0.01
0xe203fb7558e45d484db3F8F652898e27102d8a78 0.02
0x0151372b78067df7bd41407b73676accebefa878 0.01
0x23192A298b658668E64c8Bf5459cFaf5Da6383d9 0.02
0x920fD0CEa00BebfF93B0616D061a61bD8Bc74877 0.08
0x99fecb5ef830e2f8b594b163f452a54386882553 0.06
0x1942249607B1809b2D45eDc5d729BC3E5231Dec0 0.04
0xf0af5CF9a202FdD9030B8220872f6156560cb072 0.09
0x5e10f218ab5fb5a3c9b08b8ef758701f3269781f 0.09
0x11EEE709bB94908202629f8a2d113debB1689BB4 0.03
0xd44261dcd47d897245194629d3bc7bccf72dcebe 0.04
0x10dDDE943E709Fb0D78e856c10886Ef3D0189cA3 0.02
0xBE5BD493dB1e23b7DD6B6CF85E9C47d2a89dFE11 0.03
0x216Be110c847db57EF9873124d465f4A38B92faB 0.09
0xbd481947E4b15d7C8c16e8F0E4fc1A162C5a9834 0.05
0x62084552037f79d19b45c8833398e55695c0d112 0.05
0x13A40879D3Fe2aE222c645F1A53689De99d14c60 0.01
0x1967197de5078728c09c3a86e2c86499c5c1bdd5 0.01
0xcD93c5A9Db38310d8968ddBb11f0963e5BE96C72 0.03
0x881D7899c4e0Bd11006bd7e629716770e7742B66 0.01
0x15fDaD20553C0088d9D7160007262e2291a077Fe 0.01
0x2805c4b27f42fbf749f454a53cafb2d41561f330 0.09
0x09f33f759848b14a8cf6dabdbaab681f455090ba 0.02
0x1AEC4eF11e3C16A9297BD4E44184c38Cd202Da1c 0.09
0x857B9186d82021d46b2577FFEe976432598FFD95 0.07
0xf206200A9a5112bf0318D5B4B13D9EB28e89A13d 0.04
0xb346BE764a0143cf508e9aa71196d3EA18B8633C 0.03
0x22B7D824428d53100C8f841c383d77AA7489A5f4 0.01
0xCFee3aBd6A900372cf38F3797c177a4B428092Ef 0.02
0x4c3efd7d48f43050ab33fbb759032f86149c9744 0.01
0xd8d7423AEdcF6efB4C53f78F1437dA68886dd382 0.06
0xaadc904259e88257a2de4fa897802b8e15fd00a0 0.03
0x689dcCC37ac14121cD50ccd81F86883c843f9283 0.08
0x3Bf3a51a6F08E3fbF6a2140e6dfD6c44E5D029A7 0.04
0x74ba69aFD668bf97487c22baEE713c0Be615f245 0.04
0xb2F5155CfcEEaEA242Ac4bFc2b45d53ff9394E79 0.09
0x1816b0B25E08d127Ca639B99432b9d8aB50E4b53 0.06
0x51309c250afa42789e02a40f8937e6782558d378 0.02
0xf678371414ad69eb6a970105cedb9bb349a201db 0.09
0x3B783428CA67bEab1c4c3a7b484A158A4adE4d71 0.07
0xc2178a45185f4fc73bab03577be586ff517d4ce0 0.07
0x511A75F2E3B9662c37298D2DdA05a9059a745Ca1 0.08
0xAB3B0910F0FccDB39C829E38Ca7603530D2456E1 0.07
0xE68E177cF2B7407E36184c0BBDb5210721C073FD 0.06
0xfe0d9cd9c4ff1d66050a1f3b1b80f43e1803ba7f 0.06
0x95BAd381aCbB6c93373550b577c4FD7f54711f1C 0.07
0x98f47d4030623c62bB74738FD84f2aB53b41E0C6 0.06
0xe0CeC9a1354304FDB8C0Bb071f7dc5D4AcaE1fcd 0.07
0x10152e3cf91050086f89abfe3cf037b8b349ad3c 0.05
0x06aF5Cb035697CaA48043fE1ef0755Fe649740aB 0.05
0x1De37D41bB7dFF54C1bAD30aEFA19fC3B3883318 0.01
0x20d301a3E03CE33BAA4ba7dA007225C3a7926732 0.07
0x4549416D0507B3e7A717aD5952Ce44faEAD09018 0.04
0xd00ebb3bcc9dd0c251c5d82912455675d8b9ca39 0.06
0x33acCB58DB3CDAFFfDe29307f6E4029e73340b4c 0.06
0x5e1Edc4A02272af4E8EC97fa6B5F9AD8F844a656 0.02
0x89F3188F52F9C08a30aeF339782f2975baD35F71 0.01
0xc19336FE77Fe6d76c097a03c562b075F0a1311B5 0.09
0x97c7738d01942a3ad01ac3fa1a92a32ea34cf503 0.06
0x9d9329b8eb9dfb3dccadbe36d0026ec22c878d21 0.04
0xd9F58bEd56C3d88C9bECF2976b5977CD08648A2D 0.02
0x96c4a99C7Bae006838C0A3aA8697F7B27Cd1A450 0.02
0x91406B5d57893E307f042D71C91e223a7058Eb72 0.01
0x74c31fc5552C86972f9779c96f89903025b96F28 0.04
0x61A1fa8f4558827783624083db4f04B92A3a5bC4 0.08
0x7244Ae0E4C939FB840Ded897db467D8937caF4Ca 0.02
0x38B1C03CBDE0d553614013A77CC4beb66b0Cca7c 0.01
0x5d15EAbed0e4B7815Cd29F02B4baB81e29CBdF18 0.08
0xe2a056Cd321113229E151D795B5e5a6B00B4114d 0.05
0xB7f378142eE42E16003DA50cf5eF74815E8119b2 0.06
0xf9f1bfef795c4c59f46b7169a804fa40986b6757 0.01
0x7f1fb81901a8792dbf72f7ae5880e788ace6feb1 0.01
0x388b37eB844fA1a09F326522cbb546f77085ed8d 0.07
0xbc4bede6fae83d2ad830d7ad5ab86a6c78466cf4 0.01
0x49b0e71102B5A129627e0368E01fc538A0c8D5B0 0.07
0x423D53aAA5984d02034B28f5c2aB8B5247Ba6623 0.09
0x07748c638bbbb629f8085d629f3e34b9147fc6c0 0.06
0xa27746781168a5e521328fcd94a599946dae2cc2 0.06
0x925be52696023604C85dF9F999ABc3C4291D9aa7 0.05
0xbfd02F0378B90ACD7595B6156Fd31910b9D86640 0.04
0xc91787f5a582397681b3bacc61cc843a20863e1a 0.07
0x7feD149EEfBEc668F06c4CB31b8788f0774F865F 0.02
0x752D971e0221A413620C022612363dC668E82a6C 0.09
0x8ff655Dd6d5160459cD0599E1Fda82D23EF3726a 0.05
0x5ace18e6d50e99334c85298e920df59b8ab5220b 0.07
0x3a14df892b03dee91565f69d215270924100a3ff 0.01
0xce70851A5e2ad0252E8e9FcEccCa66dE9A410D88 0.01
0x30BcF1Fb33c9aB240011D0231bECC8C9C1863F77 0.04
0xbd4c5E49b576e31F3054F10762D7be8dfb3F681b 0.06
0x3c71181141947a03aEc02253f17BF84987ac690a 0.01
0x0E63AD61d64ce5bCB2f21faaB493027F4f9DDE5f 0.04
0x95D76194EaC919843bDAB68aba4c8B45C74811F6 0.09
0x5eeff358d2a7e2fea3370f8ed350772c6cd827fe 0.05
0x3095abafe3fdd6c15528da7e7c021c2ab6e35051 0.03
0x0a87882b9f961fe7f47eca5793429fbee0cc85b2 0.04
0x8847c0054fb79121A52e8cc8BE7bC125b0aB0DF4 0.04
0x06588cF8D40085796dF286788A955F045aaF7FF8 0.03
0xdcf813fa286c02ebb56073511c3c853de87f4f62 0.05
0xcbc630866179bdc08687fa7704db065b2795e71a 0.09
0xD97f50357Eb77E9d47d4278c83d3716489016E02 0.04
0xf71B7AE0D8258eC687b31e19e4990894950b1b3B 0.05
0xeDCC6562395FFd439B27b49dADbaD00D423BbBdf 0.04
0x5DD0485b805983B55c383207000DECFD1F2C1E1A 0.06
0xa2c463cC6307EcF8c257F078E83e284b73Bbc3E5 0.06
0x504e3d2f860baCf107f7CDB325B57194076083c4 0.03
0x9d624073cd24f95308a05517776f46f640ef82ad 0.07
0xF79B2e1572f599e0FeD7b81986a5383914B3dA54 0.02
0xece9887dc354a641daa5b52ec74d94dcce59b996 0.05
0x364f63a2A78e5FA6918296e61a94E0125EF6cf64 0.04
0x2FcA52324acdE0cDC1e6c6c9AF18F580b1aCcEF4 0.03
0x887990db24b9c87235c9e0b704e6cec19efe2ce6 0.01
0x461debe1b72ef9a51f584ebf04454f23d8054c05 0.06
0x0D21AEEfEA79EacCd7aD8C6831045994c6dA9d12 0.06
0x9CC4661770e83dEb75A4fBB2a5fb4AAB0B082242 0.03
0xf97f76e5ea982d3c9912da8e88c89e8b73ecdc17 0.07
0x24c354b81eA7dD189e7612504876D3Ab5c2B5628 0.07
0xBa72fc0f60f159A86a85D2aC615E16dCFca49f52 0.09
0xaA29475f821f6Cbdcd0AD82CA7dDdFD429E8Ed1a 0.07
0xACfffa997a784f0Ca16E5a893B45A236F6921047 0.02
0xba3c7805f966b3dbd357a9aea5272345a6a8e042 0.02
0x4560fAb68D35675319Bf60C7DeB9F5326116Ba69 0.09
0xa3ec56Ac9a319aFcEf0A9B6565674b463D9dB148 0.01
0xf0d977F6437c0E1e73e45EE86611A5E63A8FB435 0.03
0x48cb650cc0799a8a91f40d0ea3bed8e6803a86a4 0.08
0x0eA7E422EB48F2cb7B63C18Dd99Ba01363Bc5E6d 0.07
0xB9ceeB478A1678143f9107cf08606851Dbda96A0 0.06
0x080efee421c5e5e87151a926ddb8b7d19dff8d70 0.07
0xaff4e890bf24fa118efd65b9042f09d2189dea29 0.05
0x9593E1275b977999A438d45EF28DeD58177EC568 0.02
0xdF6481f492e98fCe5FFdFac70fB432aC2d85006e 0.02
0xbfC49A70C90B8c33Be37e8b1CC0A81E6bE716F5d 0.07
0xe6f2529D716D25B7A3F2727F2766de77e5C54A75 0.02
0x399bd20cd3dacf077c2c27ab5f6944383e377b1c 0.03
0x8fCcad3FCE162aC85456791F397aAa67E681FfA0 0.01
0x99B015CBA95A7D8174F38f0Ae181476748A837b0 0.07
0x01327E0f55931F3946AEABa12E55d67BE5930e7c 0.09
0x296433457C450b3E13Acf23a48b3240f79C61962 0.03
0x96a19ea93ef25f79eb5893f6b46b5073b065fe2e 0.09
0xd833cA43F9b5676e6a6243dB2ce0c22A712f097A 0.04
0xA6E70b707C55e817AEc28fDe37C8496Fd41691a8 0.06
0xE508B8d189EDaDA9E405286b41471eF3d67e2563 0.01
0xEB56467C3fa91b4AD68C2566EA349E71EF254477 0.08
0x16d8c08f9b77c21d2fe1947c519b2d5a09506172 0.08
0x2f4ab85ce811dbcdb485972eef690108f17bf3b2 0.03
0x011242349c632201d015eD68523E28dDD06064b4 0.03
0xab054ef87d47e8840b136a14e6ed484f05aa7d61 0.03
0x1E6607D73F72E8982d2FDB975F14C12836181c16 0.05
0x0F65067CD8eE6b7ced706bf6E51be3A0fAed724D 0.04
0xF964B013C1E96061AE29A601472A45bFE46FCb39 0.09
0x41c865201ce0559c24908ad637c22b13b1b59eb8 0.04
0xDA82296e1E3395547084Cd878AE2926788Ea3a1F 0.06
0x358742e919Ee038a10BaD8AF44b3b73be0267065 0.08
0x064e255B75BD74aEb028c9F6E06c89F8484D19C8 0.04
0x1fe4127c929a287012fa7ecbf5deb7702db98b81 0.09
0x1bc3bF809AcbC8CD762C4FBF096Fc38cF67C472c 0.02
0x5e55c8b81ce2ff2cb4511a95222647275a5af5a7 0.09
0x97A08C7e6228057C34F564A044C7Fb3acA7EbeD6 0.02
0x1C3e9551693cc5d9C6A43E164E8896aa01dD1Df7 0.01
0xa8d17fB8ea9A899CE73D84f8ADb4AD8cb3054D3D 0.04
0xCb7DBc14AbC60462C3e514AE185Cc89A114b9c4c 0.05
0x93FdB3a8272A8ca5900d35AE693EE525358616B6 0.05
0x0e8c0f80bb50e87798706751914894340aa4edcf 0.01
0x57b99BEe51772C16d2CeEB731107cCc94b3E37C0 0.08
0xd7443bd99f1142b2585b9b97449bbc377c4bdf6b 0.06
0x53BA8fdc90Ee48da6aDA7A93c7Eea00a43e728D9 0.05
0x92ac8a43f47ad6215ba888281c77b5bbce2e1e1a 0.08
0x412b7211be1736834d250BECF88b6403EaD7D1Ab 0.01
0xFE00b8e3A5C08efBb092d1923bb00b83da22b9be 0.08
0x487A3638A30b8CFD1C8dd818D916E8a9673431Ae 0.01
0x273a3f6580e96396bd113cbcd07a66d963393714 0.01
0xd8Df2b67e0A68A354b6A15F0423CD72bbbfeB200 0.03
0x879ebFFd3e007D9c15D361a4a1364D90455eDdAd 0.01
0x3980626625c55722cf8c0ce82823f716ba2ac5e7 0.02
0xC51AB692d955058E16925220D4fBf3977c7BfeEd 0.07
0x2F57bAb0B0fC3239C958e6600af641fFE0a44a2F 0.08
0x023ba3F915aceD213BE227cB0fBB4334AE92D71c 0.02
0xa36a0f809f9f063ed44cf0fabd38deffd16b412f 0.03
0xBDEdAfdEBFf62D15713AE7fB1cA461ea2014f8d1 0.09
0x362C47d87243bBB3C7c91Fcfa6aC24fC8948e228 0.07
0xD2E00F0C136B76c80192BFdaD4C7889b5FdD70A3 0.04
0xE91802fa068A9bcac77e7f7c5fd7127d309357f0 0.05
0x9C25bcF3C3A8A90d9F2254dB4891E678594afE8A 0.08
0x2e105bace10703a32e32bc8a5f9b3081f704db69 0.07
0xcbF51a6e84C254C641B1C46d249979578727BDA2 0.01
0x632813046150d2a0fc8ad52c11bb054a204ae8f5 0.01
0xd1525E2c0f8d335a4c8f34D7B67ee9301eb80710 0.06
0x424D0ecA2dB271504fFdDd91cf469092df64fdD4 0.07
0x1170bd6a7b2a1c0ccb106a3e20228628eed4e11e 0.04
0x3871f67F3c0475532BBd3447Cc65bFeA5B4684E5 0.06
0x1dD02e1872157Dc02333Fcb717480ebB0F82336d 0.03
0x92b2ba8482ac50499e31f5bb2429f0e7a9558e32 0.07
0x9269869A34C46Cdc36a121Ef927f06A2485240f1 0.07
0x3ADC9a4682b7830b5820DdC775E64Dd07dbB231e 0.09
0xF4626a480b62D52A699cBe82Fa080e6e12cda13d 0.08
0xD68cD02fD6A55ed16159d512Fa325A10366B0460 0.03
0xa7ce1c290AcB6d246a33bCc14dF2d5f1D7CF4D1E 0.04
0x929Da83778068499b404E4243AC89B0785D23783 0.03
0x552b693Cc54AffDCBf415D40b9c68d43224E868f 0.07
0xdf74D109e622f322d322537f849d54cDdaba81A7 0.09
0x86b9Ce2Eabaf44bBb909adf39952abC4EC9cc9bB 0.08
0xf616163bc03591155265a39A9cB169e77654Be9e 0.03
0x0dbe754322f1e714e91684d5fa3c55b7913735ae 0.02
0xf8443e0158879da84a7f923317e06a9ef64308f9 0.04
0xa86c079e1d7f30ec40cfed5b1804ee1b0af28dd6 0.05
0x56dB327404c0aB417BcC2B27Df0B4289d2261E41 0.02
0x08DCaAC943a4bc33aE8652A5a14FD2f828651596 0.05
0x837310e564d36F87b984Cc0c47042e5c1e6615b5 0.09
0xa492e16bcaace628eb619f4ead6b8032dd7894c8 0.07
0x0aa97c1255E73B83CE695c0f47117230469d23A5 0.06
0x37754919395Afb650caA4d37aA5c81A9c2f46937 0.07
0xb8b5faf7f88032dabd056123ec306cc6dde2986f 0.06
0x57040e40cc8673c898b38e8e7ba69a2803303b20 0.01
0x2571586392956e467B4124deF92cF3DA22A30965 0.06
0x0c37cF592c817cb35bBEaF98409857ba6DB3b250 0.06
0xbeE1a2240D251d1eE32FB97912C4EFa870e3C901 0.04
0x04A21419E5F2Fb8A1F2b4A9fACdC3e96d649ff30 0.09
0x8ed8ebef0b459513ba6f6ea40d4ab98b15c4d130 0.04
0xcc5099e3806c92cf599bccf390148ae9e24514fa 0.08
0xd8d77B9208a6678EAEcd03aC6F979584B4d4f51C 0.09
0x6adb65769517b775f997ee85b5f88c156bf8eacc 0.03
0xcB05457373137743B49AB746aaA3839BdE69Ad9d 0.08
0x36ea44322bdce4915ad17b9ea01459a892d20d1a 0.03
0x06417907A84e114e0B3280788F3DA57280F101FE 0.06
0xd7f1E7A3c68cC03a91e8058Bed6825b709a292c5 0.05
0x54e5B61Ebb9617A87839d9A444F42434f69c22A3 0.02
0x49728891C90da6Ca3F50F05061cD0f375411D3b7 0.05
0xe7CD4f3d6849F6260909254Bb5056880e0b0A6E4 0.03
0xc64bc6921e26f67ced9d299880c839ffd64439c4 0.06
0x59eC78A200390C7098fdf31c6475c43561A9FF93 0.09
0x74a054988637F9a81aB54518E4a4d146169C4a6e 0.04
0xb0D69f1B42bA925C1bae176Efe9A40d19c6FC870 0.02
0xF5228122A391De2A8b376f8d655B5B9D433Ea351 0.05
0xffbba65544de29fefb616f83ceab37f1c951c14d 0.01
0x09349e112dedf4b8cf90761b35246adde1d3d59b 0.06
0xa7331dbd15e8f98f2acf98abe55e6cd2ac518fa4 0.09
0xB02EC07a3F4BF085Be2b47bCAA256f7C442BddA7 0.05
0xa67ab082e9212ab2a67ff9ad03fff3359feed5a0 0.05
0x2E4a99c48425B746f0e98cF29312F43BCb61A215 0.05
0xa5ef783e405563854a02dc41609a07e6f2dc677e 0.09
0xbb384ef0150B79FFc805309168A23B4dc0074B06 0.06
0x3f9d45f7292C5b503b5d18807f4A5122271C7f18 0.06
0x3aDAF6bc6fFeD83E7a3618bD2201BC534Dd9463D 0.02
0x9bcB2C81867665C5230E27025f88C78961c375c7 0.04
0x77013cE898Db03311994E01535c912E005E58e23 0.01
0x7538c76185be9d73a34133ca04bdfeefe97de363 0.05
0xda6E23600346778AFE02bD591fD3357f4c3852Df 0.07
0xd28b7D4A5E1FAd68053FB241F2d1c97cf7302E8F 0.03
0x3E2941048E88c552Cd4733f05573a3cE3e457C1a 0.02
0xB609Cade16389E7deAc13A7508448fC3221FC903 0.08
0x181369f952559d6d6121da3D69c5131B2880f2ad 0.02
0x6A5088A974470cFa0CAd87567075f2EfF3491B72 0.07
0xe909de24ae2ab8df276f5f148a66acdfbd1eb049 0.08
0x92EDde4Cc5843EDa68Fb2ee8fAB7344C9c7A3aac 0.06
0xb157f457d64b40ccd1c347ad12cc0a2ac8d5618f 0.04
0xAdcE5e3433Fb75786092ECc1828E288c178A188E 0.07
0xF0C806aE924748867B4b3f4fAA0360a690c7e118 0.02
0x3607CC20986c437c0AdF340B86Da7A4F16679EAf 0.03
0x952bD6BDF67E32D9C8eEB874Ff87D4B0debf2469 0.06
0xc6f2449c48eeed7168c9e60d0085e570547bbd7e 0.05
0x3FBe2fd902D278e3f05575149505F998445Ea4b0 0.04
0x9EAFd74b0832a48f12b5aCE3D0ED1D66325f7296 0.08
0x1Ac1d421fB5cAF35BC0F95dD3B8D411a23F3333C 0.07
0xeb43b2becba5624ea1b5ae363a61b4767a5c40cd 0.05
0xe77669bD95e963Cb9DA186bB80b50f418DD6D9DE 0.03
0xb42B977Ad8f288e02463ADE4482Ee93f377c61b4 0.07
0xa17304f49f85db11df806e61729c2e107fe97bea 0.03
0xA7ab2ac8033aF71f8405206fe5acccc1f64c1052 0.06
0xA8a5e84a5Dd0c8E99B6b294c7F1F9b921f7140BA 0.01
0x286Cc8867daF81fe913cFeA4595620EdCd12c29f 0.04
0x230a53dddbfd9aaa566eb868c0f89b8602e6ddf5 0.06
0x09e1f79dd5ea1c2bb251b9485b5a28928005817e 0.07
0x51EB44425887a5c5fC6Ad89c6E1A39006609F444 0.02
0x6deFac52B2c2FDC8391358706113a20E7B30ce11 0.07
0x16F4255B4632c37e1064fe0217509190c9EE04bF 0.05
0x340aA51715D24586af88963241698849723C55Ee 0.07
0x524E3873a0241F46769021E991551062C3736ab0 0.01
0xf98161fd55acb841f5bb989b1698d283a179bd80 0.07
0xEB9b11f1A076EAE7cD72A7883a9bDD977cC566f8 0.06
0xc7a7b07e356500ee5fbc1fba2dd03e2050a7bee0 0.08
0x3bf0360f2522f1e0525f1a47c7a03fe07bf8a2b5 0.01
0xb15435bcd8dd7d3bcd791adf2a2a4ee8553b5561 0.02
0x78FD5bD033944009C156C1b05da384e49E48E461 0.02
0x20Ad2aB2f297dbf5c70235Afb48521255A38f8C7 0.06
0xC3AFFee9De97a69f9ECb6da94afAb01C42735ad1 0.02
0xe8822bd70c450042b56d2bb2d51f94795c06df83 0.03
0xbe7c95b684fe3525bcf6d5f135c0525ed88a2826 0.06
0x56dEE107cd55A38201CA7AE293da4Cd51A8d14E7 0.08
0x6d5F578AB216FeCcdEF7f2de0512f23A50BCeb37 0.09
0x8051c1c66EB92b8f5A71B2161b5891b629134f91 0.02
0xcc950158370427E1648a13E5Be03D6Fe27d30645 0.05
0xbF32Fa5654e921253d86A95c6fed1E094B3Ef1B3 0.02
0x8c40a07b1243e080d4fd754d96696831bb9a08b9 0.05
0xdf0d79bf01ab0639cb9bbf7a1d202b3c3b2f77cb 0.04
0x3fe0568894E1855fF5455B295486177206AEA685 0.01
0x4eE2D5d799ac4646f238922B9944584E47466941 0.03
0x829bcf0fca2d17b91cb0cc2086a5938aa54f702b 0.07
0xfebf4b9bbc3f1a0790e87a0ac679d6a1d56f6247 0.07
0x6f793D09c1811400090dF3e89aB34181907b769d 0.08
0x855744f13ccf6F1EE57EE8854Ad6F93CC8A2611E 0.06
0x2CD10400DEea475e1c85155769a049847E5a24dA 0.02
0x6f4F289dF5eAB9Ce783FcCD92c5b3a4b2C5dE5F4 0.09
0x029c98889Bc9Fb1Ff0F496BcCF2A8008ff89D4fA 0.03
0xBc2Abb232571474f7c920614D94a74081507944C 0.03
0xc2cB62376a45A971Ee90031E50f87072cCc4C970 0.05
0x66BEEc034DebF61b588C91238a6fef6bc357EA99 0.03
0xe565af357b1ac0d34cf97df66c75003b9e67e19a 0.03
0x94870cc409c4e04667d4087752b480fb81f402c1 0.07
0xAE6E8CcC9A3c41Ac928e9071991445EC966DA89c 0.07
0xDb0aD218202a43d6D1721b5Fd61ba508f671ef94 0.02
0xE97Ff54feeaE6935f7A49C1747a91c2C1C3edFCd 0.01
0xd342478D13443cDcD4df4bA4e3d2ef05C0e1E750 0.02
0x82e05dd5e1c680888befc348367d05bba3347007 0.04
0x35eD9BA955fE6141dEE6D048D6B4BbF17e6C7d36 0.07
0xBC61D0Ec038F7DDf3852a50DCDf0a176dB56F4E9 0.09
0xbbecF743DE026EAe192614A8DCE8D4873347C4d3 0.07
0xd0E82F824e5c364C60Fd4423b6Bc03Ba36EbdA15 0.08
0x3C0bC79e4a3438301e149D81010418f11f75F3Fb 0.05
0xEFeD10672aEBB07E4D95b5A06f11F45e4bbe3d4A 0.09
0xf2eff04157db2962116bb066b601d521300b6a4a 0.04
0xc879E65e6beEcea455ab7FEA715703629cDacf8e 0.08
0xd2f828a205c93d9b454967c29ba14f0eaa2fd23b 0.06
0xc274B9E94ada95111551855D5AF06Ff8EDcE3fA9 0.05
0xe4E54F335bA6C47DaEAc4d8ecA4662F2aD5be55D 0.02
0xB70005a87d7cBFdB3a808F070fE6De56e344DD9b 0.03
0x5346909c2b555969b2ee60d28d8c3c581d13e8fc 0.09
0x01391a7A726fcfeB6206E310082Fa5942aE7Ab95 0.09
0x38bd2b0ac0152dd88f3465ca7a2e3ea40f9b7586 0.02
0x93e0863AD8851df8270C6B259f897F331236DDE6 0.07
0xCe2394F3fE2B200D9B2f552f8ceac4BC9468e47b 0.08
0x8c055d716e9b5d033640c38d2e54354b22206879 0.09
0x9223B5FA3B884a219537211abdbD8058271c9619 0.03
0x772B3e7b6cb2e74b67a66C5ba1e68540E856383D 0.08
0x0896833360238040DF7bb83aB69461D726BaF9A5 0.04
0x1EfEbBb2FC15012A2F6f478aF4B7aEe65a8ddAae 0.03
0x8e15f214bf78b8d0ebe4a378deb4aa69b2385fd3 0.08
0x4907e383ad2d1c812359672ae58cb18d0d71420c 0.09
0x50279e965D4aA4A235c37DcB4c1BDC32e35ff56F 0.01
0x6e1668FCc915dba01C0A8d8366f92fc6e13b098e 0.02
0xe55a49c1B4259E2651420d02594FE2590b114e77 0.09
0xc09020753a2525d05fb0f8b0D7b56848479b79eE 0.09
0x4deCD81A5F11133F6d41e53614eB89F1c8648E09 0.03
0x52af5223bf32a34844a4c77d2394cf03ca3cac17 0.07
0x1Bbb186fd8aB492d2E46681401D1589B110B467e 0.06
0x8CB0168D18C4d588d89058Ebf12dcA4e96B99Fd8 0.05
0xaA63213E9aF5e9ccB4F34d3a26b5941d37B55b22 0.07
0x5578fdA2502D2F087D621b5470Ca3b4BEE4c2d3f 0.07
0x9718ecb8ccccadc11122270e91c5c45dca2ac7d1 0.06
0x51934fcf61b8d2c4e2d3f685d863f3c61dd3ce4d 0.08
0x8Ce1DCE0EF48f6b570744501FA034DC099a8f3a3 0.03
0xE51206eFA0c31A97f19B9E8d0d72C0CbD727b937 0.03
0xf4F4aF7642d72B1237D7b2268e6fF7E821151354 0.01
0x595abe02a906984bf5764468e093d63c17a4332a 0.04
0x712BabcbD1bBE281c47401b448d1a5C9C0493F97 0.09
0xF6243cA917EF2D212D5b7f6E622C34bd8294152c 0.07
0xc0b73b1c642653eaedae58a1866a9223046cd5bb 0.08
0x151DFefb95c61E86f754148d8834c6Fbc804c195 0.02
0x2eA9cBc9030E738aa78B07368e47AA9002eCD07B 0.09
0xC0664F4aCdf4a388667a26dAdaE39eD400281185 0.09
0x01C09BcBF0dA6f464cDaAcDfF551a8e0cACd4f31 0.05
0x5968397aC52a6F213012E7B2cCC2bA8b62C1B5d0 0.04
0xa52C2ca7aa56f6646469580B84A5312Bc014461f 0.07
0x0cfdb2e8ac152388e5e85b28f681053142dec051 0.08
0x392e23f04908617689b02c73dab141fe605e93f0 0.09
0x779dC4D50681BBeB2b4c46c2410C94E684D70c66 0.07
0x95122568ba156F788391EFcCc200BB36E290997f 0.08
0x17a3cbb5b0bcffbb3cd495b2f00ce68eaeec1a9c 0.03
0x31ba2e4ceff70be8b0e7aa0a6df7698dba878208 0.03
0x417f7108e44DdABEc51ca3b0222624bD2792FE7E 0.01
0x9c2dcfad594aef98b633a24c1f984545c88b9ea1 0.09
0x5D2B2de1bBC7432E0Ba1A03f56751c32B7aEd568 0.04
0x37f6E74959306789244e8Be2562EEEDf76cCac28 0.08
0x5a0C021a5a972d4039b45E920597492415D5dd40 0.01
0x31898c7D193E2Ec1b1384c91Fc1Aac9C03aF94bf 0.07
0x7Bd1aB8D63Cf22BBd5243a2EE22EFdDA719FCc5A 0.04
0x19DA50d0530D231b278b0524d95D028fb10B0CdB 0.08
0xcc70cbb4543080479c97aab2961dde23845b6d91 0.09
0xa67E01452716ca895204BBb5dF228E87C8a5C953 0.03
0xa9BECCB6D3fEc6b19105a94ACe36a0C7A2C58642 0.04
0x2f30450e11d23b43150d5234e3f848316325daaa 0.08
0x718c716370346caf5d03a8b8688b46cbfe444792 0.09
0x2505AfE0C81Db39A7c55CFCfD1eFc103Aa4354F7 0.09
0x583a3dE543FD475685780459d4267d1CF5DA5fDc 0.04
0xCE189E291c2B8A2d14d23F406A21093C1F667Ccb 0.08
0xc8b0f19a85f8cb463a408d5718bd63e5cf2d53e7 0.01
0xa9157e53f21643a76b9fb81014f4592f28a0fd76 0.06
0x8452ec54302550723947bEfc9a51663ceAb86e6A 0.07
0x78FD02875c51F1907cdD9c9766872D3C43DF3649 0.03
0xF0bb5ADc29453BdBa66D329deE0cB96c98e8EF5B 0.02
0x2073C76Aa2384eCaCCBa667bc88e851C16b99254 0.04
0x357038A5eC8103FafC2773f8c15c4B2E45AAa199 0.06
0x99cff9B06ee418B04561933b308c855935E542eD 0.07
0x2F107681465bFbeb6F945D96D2222F90317Ab873 0.06
0x425B71482ed6F4c6B2d0a5b0c3D631c3D47110bA 0.08
0x7987ff8F1DCa2c23cAd4ED390F008Cbb86e35613 0.07
0x9170993208943304EC981AdcE53EafC9F2051c40 0.01
0xc5f2b0f324cbb7bf06576f71f51794beab8bd226 0.02
0x5Efd5C27204a23b4a0942E9f37b69532758bC059 0.02
0x4Ca9Dd74F24683432808AC75234353046a71af2b 0.08
0xdab402614616d7aa2153b1ca8f35696867a7598f 0.07
0xC1cE6c124174f71754601a475F9bB62aE183A987 0.08
0x637DC4dbDB1C55AB94193a33C279AAc77C638668 0.01
0xcfBA4A81678Cfbe38Ead1Fad22F00d9f8886c7Bf 0.08
0XfF1bCF3B6F9Ea0A57A5210899463688e77BC190E 0.09
0x05daa35cb61b52b43ec31f09988fa47f43b0effa 0.04
0xAE922D6199d9d6334c527d65DD35c88Dfe590513 0.02
0x43faB43406AFB7c238af020Bfdd927D05E0117B7 0.03
0x37a4930209e9321f8600f903076dbe5a7f1e3838 0.01
0xedd92ccf36761fcf7fb255c6ee751b948c65f53c 0.02
0x40fB213eB150a9588a0C184991Bbd52564CF481b 0.06
0x122659F7A4aF9F68DE849753DbB538Be54179D69 0.02
0x12d4993adc513996cae4faf2a692671bbeee073c 0.05
0x08773092044099283517180795d2334DB95ae2ca 0.04
0x3Af7020C75b0D8D1Ff315F1200E9ff65D4F0F502 0.07
0x93f47c1aa156a7ca3fab0871bbec65d4fa24599d 0.04
0xC52bb2A242373036D4888Df0e9DBC2C1b9228720 0.06
0xEcDc8b3f7D2B545D7FFcc1aa0cf65CeDc2Dc1Ad5 0.08
0x893cfee6f368477ba35fc1da3ca7500bd871fdc8 0.04
0xd561477AB511149352D21D410BEcb694B54F5EC0 0.08
0x073cf3bc6340b09ac09416fe1088e7dd133eb9c3 0.04
0xC5b72Bd8a0d12920C44dBcA006E2e81f41636C25 0.05
0xc1ef53394a80b3b7fa60a9ff6a220d8b6859c11a 0.02
0xa27eE724780BAdB20D9A82d3eB0a0278548531b1 0.05
0xd27F35D6beE9715dFbE54b0F8D7aF184cBD01e6D 0.03
0x761B8aDf2C1aDD232f872cC711BF05146011ea35 0.04
0x32d4a43348f108a0d448452ec543ea274d05978d 0.08
0x9fc9c669080ccefacff6f54219ebc2711926b048 0.04
0x349c20c8894c867e2f934df72eeffe48e1810800 0.08
0x3ebfec172b1b366f5cfe935dc580f829ebe4a125 0.06
0xAe77Bb1D76Efb59AF88Cc925473677A200C9A998 0.09
0xFBD29aE34e420861290dd03FFfA097057803F82b 0.05
0xa405f85534b14ce09f01b4bed428cbe33fb1965c 0.07
0x61212aC24A82a4b4E109213be241b2e77cc0e6d0 0.02
0x633b8e069cfe15d0fcea9b780da803052316a50c 0.03
0x3599f33d31460FA5f2076eE32A9CE06435b6E1b5 0.02
0x4C19b09f50d549bbE0526E582Acdd8fBa3A1E841 0.03
0x8d95470514193e63c2751Bf3C48D772b60BeF595 0.05
0xBE940E35bF9661698187f6641D14753D23E29eee 0.02
0xb2120166466E4C8CFC53722dACc0d4BbDFC55Dbd 0.08
0x1922dA5EEB4582676f2602357Fbf92b47235DfB2 0.03
0x2D2C40A753AE9ce23B25AB822Bf274e97803CFF9 0.08
0x58a13Ab69d54EB3D1cf50B0Be67C1C211F7d71cA 0.09
0xdf9603a39c2818dd81bd70446f907ba9429b65fd 0.05
0x1d77cbb682f67a471d4bbfe6cefeaf854ffbd237 0.03
0xDa30972Abf0b5259579d2756e4B620B6bb7e1334 0.01
0x87847a938d6ee5cb496c78983cf154436fbd88c6 0.01
0x8f466e11a1d88ccc925776630d5e2089e2648f72 0.04
0xDf0Ab0C5Bdd780D3cF707a3919243A52109b1d9f 0.03
0xc5E5264Bc5507d0f908eB0080B39980695E548A7 0.03
0x97F1dfBb04Cd6B493e9A38E9cB4fc70f7Ce0916C 0.06
0x8123e41bD80Bb378fd36848f23d21063e3C08B52 0.09
0x8f2ad17dcc7f1375e49923cc159c47a3954fdf59 0.09
0xB082Bb68B6BA6E3C6D01067076426eE860d664f8 0.05
0x03591bdd82F34701C484fe81bf3198B2DA4275BB 0.04
0xC86860e41CFb5ec66C6FE5150889D514BCf65eC3 0.04
0x51c1bf94699f63f3d391242da5804e7210b74e2e 0.06
0x30bedCC672101465727aabb0301f82f0FD961F33 0.04
0x5eF986E77FDB589338dB180FbabFbe1658572265 0.02
0xB229bEB70851DB0ABCE017B91f8AF98A8893c6Ef 0.01
0x915cFec24AFB81A7c4cDbe7A7fE6c816103c705B 0.08
0x16dA78d4BcB506a2a8225E59162A996F39248061 0.07
0x05B3c5b6D3e991c39D25f77dbB9382Ceb580a983 0.07
0x8e65f31ae2117fa149dbf2bef0e393fa9e34678c 0.04
0x1eFb9031217dC9FBf959e5A52743F6E8ABdc447B 0.07
0x5d64001072171e4d6a6db29459ac28833414f051 0.05
0x6c41F0D3FfA525dFFD65A34eF521EA4eFC6690A1 0.08
0x8528D70087741aEE20B3ed69C9f30420866ac982 0.07
0x5B47555dd3DA5CA0f0443320414826d2B4a6E40F 0.09
0x6c7ae6af84b357c8cb79bb790f9c9b791b52af4d 0.07
0x2edd2de65950c5eb17eecd454643c2e9a42d29e1 0.01
0x20aBED55Fd4Fcc96d93d51CC1237CD33534f7Ada 0.07
0x05FE0F51071Fa63cf08B01fed76b3073d9E9869C 0.08
0xECAF99e770631C37E2A32eec069a405C8E7F5D37 0.02
0x3CBbC46440FF2d66978ef90E1E43B785b3c35127 0.03
0x035aB45452aF3fB0680d97A474CA7e9171544402 0.08
0x9dece6c4f9bd94f1eee325bfb56ade2fcbe26c59 0.01
0x9952350CCeB40a9729E51C20554667c53413D353 0.04
0xb1be3feddc7e69a4d6eac2b3ce7de8c868a7d650 0.04
0x30bFFaA643172Fa672FB3FD3aF4B134557bC214D 0.04
0x1dedeeac54ce462b95fc5687d4fdeee01e01a26d 0.09
0x5EFcFb91C5d27dB65105e011D18Cf71c9b7C9375 0.06
0xe7baca68028f0c5a925d44018E242BCd966DC380 0.03
0xcd5eadebc190a07f7720d3dbad5fbe26fc97efdc 0.04
0x586D9222A3f46530072fA2BC5bbea685F0bd92e8 0.07
0xd1b15e997782c3024BcDd7EDF61e599677Fc48A9 0.09
0xb4755e4dc1F66b5568A789FC921A42d31353f3E1 0.08
0x4282292e7af2cd9966ce327efd27a330008afd22 0.07
0xE788c42BD7b09D0ad34a76043C2326a0Caa048ba 0.06
0x66BfcdF5E177Acb98FAe44c075e5BB238Cb1e276 0.02
0xf1ee8f3aa7a709af9ca3446046b55861aaf93111 0.06
0x0F15b31Dccc6c3971BF1160f56ef16F55E09Ff83 0.02
0x1d8c4d80464270AFB50576CAB66F08a29903747F 0.01
0x8E0A46D5f0D7f1252961233793AcAF374E175778 0.06
0xd51409f6349c8fa959e119a04c182eacc7570cca 0.03
0x5FD61e36B7875cEfe94C8457c8bD78567C3CDb9f 0.06
0x8a144f0857efb5290c051eba446b2fd2fd44f8a5 0.09
0x7bb08339c2b72930865ec0f7ff5525b5ead3dfce 0.03
0x250F4fB017c1Db02E9f0af5E1329601f95734D9d 0.05
0xcc1781baccbf110012a1afcf909f1e6d241ec634 0.05
0xbDEe945e302a1F672b9BAd0636c142DD60d4f23B 0.07
0x6E8461FdB2f10257Cd98Bbf7961bE08d4c34076e 0.04
0x8410F52c8b9ccB5fAD8E47A0ceeaB48E615A7480 0.05
0x7f7ef727f7afba7cf963567eca38fdc459c27e6f 0.02
0xbe4943fe659009724dbb22223a47ca3d5503808a 0.01
0x8A422FB1A7a23822fACf58beEC6cE128d1C6feE3 0.08
0x885ac159230Bf76aF0803c364777E95b19599cf8 0.08
0x9D19f0af0126c3186f962466533AF35763007EED 0.01
0x9674Ef0549ca683a57DD0D75DeB605Ca6BaDC4DB 0.09
0x66B24c82d8cDBF2a7ED276Aed24c5F2eD166E3d6 0.05
0x4F1f3e78b078a3874403152596B92b9d9974be0C 0.05
0xb58781211f57869dd51dcc2f8d7e006dc318fd31 0.09
0x12e2214d2c66121b0bdd3b356ffbec568beeafe3 0.07
0x184ddc44e21A97c8eA708f85A4BeF0068C331157 0.06
0x26BCB8638924b9c6B50a7C1Fd8C3091DE0E7dbBc 0.02
0x329a91A58aCd7DBB748b79dC51604BcF778f508C 0.07
0x965E85981f7b85D082D2d05c0d5D4D38ff8C2F13 0.06
0xb32e637f7f789D24d5e6Cae4E395e7D974a098e1 0.08
0x620e4389a1f0460e781e03642820a0bca89551e2 0.03
0x1a7085637576c968d7bc7FeD6aAdFe78d6B17994 0.05
0x74389480Bc0339D4c682E2FCF6B85571E3FbC0Ca 0.08
0xE07c4461F16252D32F2190F3eA91050FCf559031 0.08
0x2923eb8d5576096d5e30a416f010e38f9ce6645a 0.03
0xaf37289159BbceB3Ab12479dB753d823af712CCe 0.06
0x413c9BdB68263C2b987d363df3C0259B056bBb4d 0.05
0xe089ad0ddfffbee4823ba120af1fe31ff07f4019 0.06
0x7940c1e9bf33f498bb065ed514813d6c28f8be64 0.08
0xC5CbFB486D5A009e087Dd5886F31b1C414648029 0.04
0x3bD1BAe2e28b3d9A3995fe42162970d5EdEF51e7 0.07
0x6669a729167e598f85cbff761dc00cb3b4af18e7 0.02
0x6C5562D7F4135A285e5e2BEa5EAc6E503E37E2Ec 0.03
0x1C88446f5d525A3D28Ad3abc5902645eaD2bc353 0.06
0x69925Fad7cD15FDF1a205c4aaB285521756Fc249 0.01
0xE39d1C35028BB855183449213733672804F2Bd2b 0.04
0x13db6f9329A96d91b6c3b05FD4A4b9AB9E34c45D 0.01
0x01c8320bf658bfdcffb8884cfbc392c8473b0fde 0.06
0x35E8172F07220feAfddd59453b910b5Fe8752178 0.07
0x4AF88aE04eddbD1f7Bbb3d9Fd5d3888083B1B7cB 0.03
0x697598272AC98365a66C69DF9fAaE62B4beedd59 0.06
0x7D106110F3DF5bFF9386225BEF7AA2c596C9f12E 0.05
0xe7b21521a6d8fdeacb11d3a09fe7e29470967b8f 0.09
0xea0d9a980a46a281338fdf071cbf1bdfb1ec77a4 0.01
0x5a26966A1D1bbc53dab5ed35e6F22234736F6a7c 0.05
0x4195275Ef7eD2Cd92C1bD3Fb5B012a78B8027498 0.09
0xfb015c41d8bf098bd29943ebbf4bdd044c3faaf2 0.07
0x52607eB044185C5dEc7C61ea624d5a8Ae94E88FD 0.06
0xb5c65bfb2a497e66e105d95ba3e2d23a4480f923 0.04
0x2c329b791e87ca867cf32239e87ed01da69145ec 0.05
0x1246fBC5C4aC8EEf961C81BBfDF587f3b18a1Dbf 0.06
0x14c9E7B89a006112e4F3D1Fe16eDC9479f9c3bb7 0.01
0xE8ABB172E6D1F716fEd92917E66592364093cD3D 0.01
0x4735d0fd48b31f22509e14652ab6c71f1348f645 0.07
0x67a275fd927d750271466d7e8fd5edf5d9c84c2a 0.07
0x74E780C7b19177727CC9082E8c23D22Ec1Bb0eAa 0.06
0x69B85eD47Dd9102408c3857838D17f0Ce24B2EEE 0.01
0x44969486fd422a63c6CAEC5542f0baD83C5aEef3 0.07
0xc352B69Cf0280CE7daa6cC2538AA41dB189C12D0 0.01
0xDC1D518A05bc39b8D5d6f616E01333FD6F8eC941 0.02
0x19bb7e01907565a74ea5ddec62afbe65887498a4 0.02
0x32E5eb9131aaEA8336068635c54d548872888D3a 0.05
0x85556dcbd558a2687Cb971f672cFf4dBb3d4148b 0.02
0x05e732093E56f5916D6AdF4b0c95196b729A14cf 0.05
0x0979b750b6205d317e42933edb11c25bb485e42b 0.05
0x76048B873c6D1E0d6273136f649940D82F7850CF 0.06
0x8F3e877Bd691485D4e7C36bd3099b43D9e54E2fF 0.05
0xb4c36c67fb8e30053d57c8bd4517df059c9d7829 0.01
0x6f386370dd6ceca188311f9af288407280b83690 0.04
0x00fd8e1a2e8d8e725f354a19a4a3ea841f7cb19b 0.08
0xdd046a8e3d61D229b0572a6D47dFcd182f230eC9 0.07
0x0aF7ed38bD60414dDB3198B6f42047e1ABBe5615 0.09
0x3a6B563846620ed526db97D8734f46b81ae41939 0.05
0xAff83Dd7f4C504d8874a53B8b42478dDf4F22293 0.05
0xc16631397088AB2f05B918C42F9aFE95BCdE382d 0.02
0x474d7e28b9c7a75af723582cfda2cb53d42f0ef5 0.01
0x6a631df17dd0d7288f53f20d12a1e482d0061cea 0.02
0x0de58E8F0Dd0716fF3b3D1b39661BEe0cDD82C03 0.05
0x46935e9Ba2e3044c7CF61a625772090F4D925BB7 0.06
0xa5f4Ab26FC42a017778dce206f492ff5f4e7255A 0.07
0xbf2b15283ffc1cb9ff75e8d2a17ed12657c5092f 0.05
0x2e1b6e32b1ba6507223bd9bcfa35d49360becb7c 0.01
0x9504148732f0bb17B3A2c59FCdcDD7223041C4D5 0.01
0xd3e45Ac8699FAB2E9E8f42Fed2190063218E97dD 0.04
0xf2aac9274aa4ff6095adf24d7db7026f6cca691a 0.07
0x142486e91089a9a32035db27A190711340E98669 0.08
0xD46839E40247f90CCfc2Dffa6b436edeca72efd9 0.09
0xdE9607cD122654Ee44cBd0B9B55ed92839610DDa 0.04
0x211343A18b3027550D06dC56a1B5F24d8c854CFE 0.04
0x582b5f48F3066A1349aF160FB5F92B00c5f09A7B 0.08
0xA02C3967017DE040463CFbe9B572ea8DE5C03520 0.02
0xB8EfD7F4A2ae09616Ae0fec9dC5464CA01349ed6 0.01
0xFAEa84d4FC67827B7534AC851c0536addAA890Af 0.05
0xf2B1b72EF0cd046Ed3C34103699895E688CEb1Ac 0.02
0x9bfcd0e2730274fc6c067cccfe6763c5aa767ccd 0.07
0x3d550ba4491eb84bb5f1bb01f8fc608369451505 0.09
0xa34A574bED82ceb7Cb98f72c81E486EB9339526D 0.03
0x26Fc3549DfE5997E839670141DBcA943008F7c9c 0.01
0x51f6803512b236e399a8a2eB16b769E14E862D02 0.02
0x516a08bdBCc78543504eb5d5136b8fEa67777A52 0.05
0x026A33c779E7EEa7813E1843d529E5E1980AEc5A 0.07
0x9AbA2632FF83D61b46afA7e81E802AC4349C8363 0.09
0x54fF1Aef829Fd9F569D77aa2Bf60589d3217435C 0.09
0x13F2617434c46de8162859FF2F244b97b3385F23 0.07
0x92f875B8D3fdA503DddcA0B13c66913b6b2e50ec 0.08
0x20b76b621edc7da2bfece254f0aca135e062f273 0.05
0x1c247d6252173FEA87cd60153D96aCB94f70d07c 0.05
0x91598809ee27f3a1c320623c5c896f26acdaee6f 0.09
0xf65bcfc15627e7b1c4156db1bf2ac7c1d60505e6 0.07
0x3e87cb51dad1a9ea4076fa9d8dcac7724b19437d 0.05
0x4aE1A0fB8F105e2C15446eA939e085b02dC7F47c 0.01
0x73f4961D172Aa0aAF5b4b460b13b6241421D1d3B 0.03
0x57a1b7E5a0120129539Dd5fA33913e88E8Ff4FdA 0.03
0x7C61F811eaA19a0959C882B37614140F2A6c27b3 0.01
0x888Fb25610AbBc9bdD811F0ef23F08b8A2a2a097 0.05
0xa319ba02F2bFe9e5e667fBcBDF0cfd12Cb3A2C0a 0.01
0xa6db7511eb5b43d98e4a2ffaec090215dba5e669 0.03
0xA707272Edd84604740f1BAB55fC78A6e9974e777 0.05
0x996cce1CF0a570867CAD146E93a4D2a6994104Fa 0.02
0x81cb136072e7199aaed02363c0582dd0e3c39ddb 0.09
0x8566ea63446a92b83d72bf0d36f53cace830df1d 0.07
0xEc88BBC49E1bE20ED4755E4E52b1EcFCCce63458 0.07
0xf1b57326EB34e503E52dF606295dB60Dbf9b2a5b 0.02
0x1bf55b091c34DA1D3A0448999Dc4D55FBdaAb563 0.07
0x21689dBD1B1Be953053f615B378921Fc3b6f4235 0.01
0x468f811dc216916f77123f6315508ffc9f9e0c86 0.09
0x96378eBdb75859a81B3cbFbB0C2cC8AB0cA1c768 0.03
0x4902a6342137bFa0A34B9e785D8770a20369873b 0.05
0x7d031bf2a17b3b6033d1610a8998b180229610dc 0.07
0xD63a30E53049C7452dbFcEce5fDd1620B68dcDab 0.04
0xeC74fB5E1dC9Ebdf5e89d6AD7f0fE50574c6226f 0.05
0xfD63f17504E7D32f7361F5587b306fc197A00AE7 0.04
0x3B98D7415CbA572a25C6892a53D66Bb1c480d37d 0.03
0xEfeA8C2715294d93B93A8230BE46F8b21A6ddE8e 0.06
0x2A69551f995D1Bb102E8A1Cd89A163e42A104b36 0.03
0x76456C9593132dff841e1fe52aa64Eef21ADC60b 0.08
0x03fc5E4f1B8BdBE21b0d15a1f4A95B7e5De55e3B 0.05
0xC3d19063f83F6CF360735F3C93Bcf2803Ebf6878 0.09
0x0b89Fcb4e7F36fEdE8F9B1578A3Ac5B728FADbF2 0.04
0x9f443205fB6d6F006Dc43B847fc19Bb36B30dFa0 0.08
0x72377c233304e66111eb1B5d4b82850f95abD201 0.06
0xEf9953F8E52279a0601ED5e737eA3439306a2838 0.05
0xfea63BF45Da593f8CD38654c12D1A88991f28f25 0.06
0x6066F48eB844d246c656dc78357270899fC19032 0.03
0xcCB826b35F9c411C591460ca3a0D341EA8AE7455 0.03
0x8fE58469E0D7b3C37Fe5158bE825a8B7e7185839 0.03
0x42663025A4F44fbaBAc7aD220d220b1bcf7BfBD9 0.07
0x9490452fdF7785710704248E17883499df586d39 0.05
0x28ec6e64a9bbb0fe0b94427224bb3932a2967489 0.05
0x3BCE52b30047eaD639fb8cA65584E28f35aE7649 0.01
0x3E948bd847Ac9D8094418CD6b8599FD59bE6A0fc 0.05
0x5253c61dd4fe410efbf026e19a0a7816256134b8 0.05
0xB6f40A105a5ae1B6219eB934f323de3adf7b57aA 0.06
0x0deacd80ddf862f88f00812948bb737dd7e86c1a 0.05
0x255ff0012778276075f15085e844e35c2511372e 0.08
0xa70201c76C50190b0B9b03F68Cf239C5a18e1E5A 0.04
0x835df352342A51E8C032278A6cd17072888d9669 0.04
0x67f3b469be37e6760fb1ca7bf9d4d2b8c6273f74 0.07
0xec39B1ff34f69dD1dE087988F34fe891A6582730 0.07
0xa5d932046d7db20ae12608ad84695025afcb5467 0.08
0xbbf0C54b8CD7Fb1Ff54B26a30ed98d17D4fBF041 0.07
0xdc3E2B290daB4ABC7D9496E93211d62Ce88beFbC 0.07
0x94A3205A0610861039be080a75b13F1C060064dc 0.05
0x1d3AB41D19B0be91FfeB244127A98B77a5Dd05F2 0.01
0x4689300c4bfc02064f0bc6340000f679617f4012 0.07
0xE07c3dab5b19648129B688a5A2f5553720aA6408 0.08
0x6c3bd046bf4f29b57ece3dd17a205d919bb0d01b 0.06
0x45a3214931A7F9D1FcCa556dA320521efbF63556 0.02
0x2821E1f8633069006f742A3012759A13388b8edB 0.08
0xD4C40C157d87A6A5ABA8BD53BA1d66D0C8bc5eFb 0.08
0x910A2EFC9Ab80288735e12A4AE295e4e93613314 0.07
0xc127a386eed851ccb25462c87eca987fa78b2338 0.03
0x2e2c11E5894cC118e6a359EfF518aB80F52af945 0.02
0xED8bF44dE3937c03937170EC57260d1750016079 0.06
0x38Cb9ae91698389d93c82633a36cae68a97bfB81 0.02
0xEe1A6DD8ED5CcDeF81506Dada15518B512bf9FB2 0.07
0xd8b1738E83a05b238079cEd1BD7D475F1D0069dE 0.06
0x9De9b857dA7C2703e783B7ea8cb38CF5A629e765 0.03
0x45269b054f3093b401a2977ae0d296ed9835979c 0.06
0x5225AEd635Eff18240F85D1A882fc8198269A89B 0.05
0x4acEbc54D5963f27e02e0341D03910dA6f0d9132 0.05
0x74B4b8235B3a9a890027fEf353FB403B3Ebd7912 0.09
0x78a8da7d6f263667e38298bf58d4c18de71081b3 0.09
0x038080ef27146E1158B0F08dDfbEb7c23A3Bd713 0.01
0xa28832baf8c9a47aeadb992c77be36452b26d20e 0.03
0x236d6B2b52a5383F62aA516Cc26eD4A5fA0939e8 0.06
0x0EB2dD1B735AD733Eb5C0f553Ad65C5Cc2A04263 0.03
0x41be7f42e1c6e91122124fb71423c8c524c5318d 0.08
0x746feb8cb4D72de040c08B1CaFE3AEc138a801CA 0.01
0x10cade53375980349f1aaca43b9e2d1d26165899 0.04
0x9d58294c9d924407046a07b51da81ec8cfde74f4 0.08
0x656b0fA467EfD5FF545Ac6d075BF906be775e113 0.04
0xe1AAf6D670904998EB614B1E433708A76c5fc9Be 0.08
0x525bDb993DdCBE83fb5A4588e9B8C07689c9dB01 0.08
0xb716d7a441d7fab5f34cab501c227b2587d9b6f3 0.04
0xD563bFD598BA5dE849A2EcDE017393f52529F3b8 0.06
0x2cD4cb16c230aaE367F26183d717189cEa537ADE 0.08
0xb4e087C3697530016FB2d052B691ff56995D2888 0.05
0x70B86c423c5d10112096b6091B65796728f3C7B5 0.01
0xaC2c888F4358B000c61406e94503223a5e5D8002 0.02
0x6C5Ab9102AB94Dd8C0235dfd1b32AE1e93f45f6E 0.07
0x1585A97831773d4020b667264D75F33ED4996191 0.01
0x4106341B2D8E31C94dFb8A23bA2f54700AF231Da 0.04
0xFc9c71Bb465CB886654727246d879b4fA698dF29 0.07
0x76905905bbd9262521a2767c354ceb784303dfdd 0.03
0xd101b267843a3f5f208bb3203c61d9bac48f401c 0.06
0x7D8E0F2559e4FA4A568CEb73B69C8AEF60F9989c 0.07
0x35fc0C58B265Fcc0F8cF161A759c5cF34CbB1aA0 0.04
0x5F21F86E3134978f17DC331DF443Cb324DC4C6b1 0.03
0x1Fcf0449188EaA30113648A3db1BcD2E3550a025 0.03
0xef0b09f189f307d943537c6c949677e95f05c725 0.04
0x56E2F38C99D8718Ed4fC42D9a5F240eb87476267 0.06
0xc88ac095bbadea50ccc9aebcdd6d612873e0e115 0.06
0x5E5134e3D7c896FDd9E71CF18615f4c2A74d60f5 0.01
0x700FdAfbECd2Ee694265265c51d9d211caaf5345 0.09
0x1237f13D8f26aAc246dc813e45d4A1a21899dDA8 0.02
0xe3A662Ba905BdEdAa819a3CDb25373c8e0cBBccC 0.06
0x29f76DF571aa813e0ad81301782eA593494fe581 0.09
0xc73f1dbdb29bc6382f46f9e91ea96796d75c4fc2 0.04
0xa381e0F310F1227b6dEfaD4ff97fDA8188f76e14 0.03
0x4a080A16912436a99e5C46B87a39e53D4117b165 0.04
0xb3373fd50bd5405FcC1C749Ad6D944DcE7049CbE 0.08
0x71c640be1a499360c8ae8201e2d7067fc51b643b 0.03
0x757e5d7dad92b3b05d4094d7db2b4f71f970b966 0.07
0x68a07f4A8d9EE506147494A000a82022A76D17F5 0.01
0xB368E86B6548c53D71faB804846d0149b09aca6C 0.03
0xcb7f7542cb6d15e2d45d7694370e3f48dc8bbdc6 0.07
0x07d1aee31b52339714aAd608900bd6296e782D28 0.06
0xd7B424Faf58DcBeCa1556c6B096753b858fbc652 0.01
0x24472e6887d65Abe042B1B3546Bd852005135a67 0.05
0x48c6d51eb769c8fa1e8740c9f5a9971b12baf83f 0.08
0x1C6B0708c2600cBA6c5A24F30573a376e18f91CE 0.05
0x0b996ec778804f760488a4142378a1f21370f41f 0.07
0x306C47f04AA44CB81e693437d1008242ABd78eA9 0.07
0x30B10221c90134DB4BB8388748428BC0778594d8 0.06
0x893c623CF08b2E57Dafc146F51D51EACe081B756 0.08
0x248c0a73fc8a0ecda661a1852f580be36e3924b9 0.06
0x03feef9c080cd220e198d5bc4a94937927e55103 0.04
0x523AEAd49f2849ADDA74453f3FA48380ea13B986 0.02
0xcd40da03a285270f88262d3362cdc75d9ad5a6e9 0.01
0x7a3B6708e0B91C9Af9Ba4B8298A9bC0e8F6101Ab 0.01
0x917b706e4ce8F22a2c305972ab64c67986b4C245 0.08
0x929c829D3E0B64317bFB8076769dEE675Cf21290 0.05
0x321992cae4f7009d938048eca145dd9598d329e7 0.08
0xe830c04e16ca22307031fef47695e1335abcee02 0.08
0xfe3DD1e9828E62e538AEfFFf72F0CB00476aaA28 0.09
0xccBDf5C367c50fbbF37d68793fE590dD3C12e926 0.08
0x734c24375D9F8aab3e9bf60791D289Ea2ddD3aD8 0.02
0x95c90c3717ccd9887d7af307166df4dd892697b6 0.09
0x3258508D1A045c3BC25Ca282F696942582e3b9fb 0.04
0x53B703f0c15D674a8497cb71e60D9906f56c29c8 0.08
0x7A64dA7f830208635b086a0Cb09B06294bF68149 0.07
0x8ed494e3E41816706508f7ed9cDbDE46CB0e0CA9 0.01
0x14aE9C8A09b57A10df2996141C73122F4aEC7Ae4 0.08
0x27E4498a995eD76Ed994A5Ed53c38DCe9DdcE938 0.07
0x3eBFA515B7d3a7cc7e79A89709229bF1746B4f99 0.07
0xDb2bE8d6c9E03cb31C30ACB44FD24E4ADEC3619b 0.06
0xfb9A03423220E3856a8307b33014DB218F1938DE 0.02
0xd25075e3d884e31cd82F1EA9cbDa22771CD8FDa2 0.08
0x4eFBCb16D45f7A0b4be0471726f93939C30B9BD0 0.06
0xcF86000D28546524a76EdeCc495F2147Bf38B002 0.03
0x0aF697F0918CE293964424b02d9920110689D943 0.09
0x86d4604d87a843aF57A86783D2aB8b3c0db03170 0.07
0x697fED589Aba56936fa91c68C1b03c46C541873d 0.03
0xdF741F7DB5Dcd3D3aec9E77f21D0c64251548823 0.04
0x105e15F0f794B6a56e00Ab567cce980cc4F7d2b5 0.04
0x58C78bA65659485a7642a3f79e9E95b1554aC277 0.06
0x39dD675952aD8f3e6469E7b1B0E4C1214F742dC0 0.06
0xAbA5b05A4F3de4e9e4E63488e106D4684ec07559 0.08
0xFcCA14A9421628bF9f2D3089875b60a1F3D4A091 0.02
0xF8CaB3a6fDF9b39baE58AF5c2d9A83A8ec15252B 0.02
0x7a0951Dde72756B4e00Eb2Aa867Be3837f209ACe 0.06
0x95a32f88579a5af17498E3f8A3A813856Bd5973e 0.09
0x55065647dBc8d719aD8888071287395D1A92e9e1 0.03
0x10e95BE9a73A15D5B5cDA3BD3095280330197Cf5 0.01
0x2E7654D5868cf8856807020048c7B21af44D43d4 0.05
0xbcE4e7E380668614E758AA209269c81E4014C023 0.06
0x06314aa707155458EE3705c20A478F568705753b 0.06
0xa6B171508236B6a683B2b0Ca77caF90a595004C3 0.09
0x8810cf17174d0c6c6e6ef6A0e3d34182ACDc0827 0.04
0xbd27e30fdd69980d07b6086f4cb3996f1e1aa8fd 0.01
0x6A09F198d6D6DaF838a0B860c25048Ef2fDF5Aa6 0.07
0xf2bb0419278ca577056a10f7575e6cf7fddc2ea1 0.05
0x5bcE98C7910CC5e354F54C2e3fc4629Cb3B6E8A3 0.08
0xc04bCD2D04Db8332cD64025A0d32Fa2F42388bEe 0.03
0xEe0F3132F4F3f38f42fd14050f66151209aCDE82 0.08
0xa1575F83A7Bbd44a83F2fD2EA769Fea1af8Ae94B 0.04
0x7dC5048e718fB72fbe17273d5db57df61a45330B 0.04
0x7e73aF34670E6E2a7a75A9Ec919722f19A6Bf20d 0.05
0x41f45d4bc792039ba2c242eb3b4cc4c04e382974 0.09
0xA17e82228bC06961E80d9a76f2AAf3EbEE4C040A 0.09
0x45E2D29dD1cF6646D5717b72dbb3651932675CBb 0.02
0x09099db884c23829ed1f17d7eb155ad480785b23 0.06
0x6795412FC1bdfcFa951ddcEC448094E842109A22 0.08
0x10C03f9d79AE04A4daC649d7373Ed66ef7D20Fe9 0.06
0x9CB9f97EF7aE8e408991Af4fCD35ba1019D5f2E5 0.02
0xf2de8afbe621526aa049c1d6f3e103fc594d029f 0.03
0xDe9a5031a0B207C4a013fFa62896bdF3C46AD26d 0.02
0xf6dd4b0d49454a2d92470bc9ebe91e20fd644444 0.07
0x00615841E3650F5695b9117D21CcF0ff819026bb 0.08
0xA1351766865707248EDA53703D56F53316b012a9 0.05
0x5fcd6d2977c2d798c36502e5e83bdf7be2725714 0.07
0x0b68ff0c3c1155162b7fc90b8488d3ea616da78d 0.02
0xd384BA1f470a0B2a807199C7c3fdB0B0fa68661B 0.08
0x41b065CfB9AfFF43D509A56E76B1B1f26BAB2c2B 0.09
0x60AA8BdcD7235a3DF075B496ae9C303B6f4996E9 0.06
0x718c9212f1f1ba05c7bca6f84abc4c3fa3dc3e4c 0.09
0xCf252B1369714725Bc61d9e2e27d316Be4dE2937 0.03
0xe99cef2253b7f03215f643defe35dc9f32a3dc0f 0.01
0x905cddEfa5e475042e71088FD5C37A31c904d9B9 0.07
0x1839feb19d0791eEdf6752Bd9AA24EfB1f3dD3fb 0.02
0xEd37949925B8b62F7385971a1d4a6ceccE6d53d4 0.08
0xb156d4b67d5e5eceba12267a1a00340de97b6cb7 0.03
0xfb6748e215C607056e3eabeC522810a437d47F62 0.09
0x882e8ef2992fc453feb169749de96a951a06587d 0.06
0x33b1cf42f6b484e136f2E982e7ccA67c66C33524 0.04
0x174F4f7cDa29901C48f376C61929b231cc35Fe7E 0.02
0xcB3aaaF81ff2A2505d7e7cA9c328a0a7568D7C4b 0.05
0x641959f6111ce78E31C684927C28B22738FeeD37 0.01
0x90b681AF7D2C64B957fa1f8576061fAd81782A86 0.02
0x70095ad7dd27b981f312a90b64e79eb230eb7eaf 0.01
0x83Dc2432863a9027b2a87bc682D3D387E1889a00 0.09
0xee17651e516129585aefd6571ad72b4b4d4a26e9 0.03
0xbdFA3d5B4DbaB940aaF00f947dd0cAA99c517A21 0.03
0xbBdEB2F43A52616d9ddfAe5e16336B8E691898D8 0.05
0x9a219485be427ff748baa165c80e876cccf99d1b 0.07
0x76c161cFE7179CF8A2C9Cd502fA629C760400C1b 0.05
0x7F7a6D48902490A20B6058fDaa2D0dC8284096a8 0.07
0xA2207eBF190669d222EB6E398f385c4B1631bf7C 0.09
0xD51568D85ed55ab04bD31661e959185a2354ecb8 0.01
0xed74ea656410b049b9eb1ba3c9f481a596fb65a4 0.05
0x7ee4784fcf2e96a518cff10a2743b596de409285 0.06
0xA29513D7b40967cF773b8ef6B724C62736015914 0.06
0xcc338e59030262dfa588ee64f49700706d8e8ca4 0.06
0xa3b0cDef92da26F68eFc6651B35fc47c5c5e2836 0.03
0x2f709340c14033f6a6aede8701aa6fef5973973c 0.01
0xe6ea3C8022a918E4225A18F43e3542E454d5E523 0.06
0x2b9f91534fafc5b30a3aaa7cb20f8a149007be1f 0.06
0xeFb4f4DA43B2f0E5b7f75Fd38f138139cD705CD7 0.02
0x16F66D1Ec5b358B6e3123bD239CCe617235197D4 0.02
0x5C2125Afa48E03b6b77f4754d6ed96565d098948 0.08
0x2a8418df17cc9a0b77c1e0bdfe68e65a106e15fe 0.06
0x6cE81B8685F318942B3858bF3b6B519318fb419E 0.02
0xad0f9b3aae7ff32e3b5e1f2f03edcfe3e363384b 0.05
0x649de922d04d6102c1fbc7fd79bd4278075b950d 0.05
0xE6fFCb445d230Af84BceB40EE992aa45e5DA24Ed 0.08
0x5e6c1d903c64bc708f309da765be7bdcd0c63760 0.04
0x465e2a388B7CAa2417b8B7bA8E59F76B29C6D840 0.09
0xce73Fc71Eb00f7a90FAB24EDD54FfaA854449911 0.08
0x72AFbE611ACc8373226e67327d84b5422EE9367b 0.06
0x308c0F1F4B91aeeEE7b9b84cB33767657A4f04d2 0.09
0x61b75e10116fea9b37d581391aa4432ff653f721 0.06
0x6479c0e78b9c50b491f04a7052cca16a96d3a05b 0.09
0x7cb8d2e61c29F66ccBA184865d3CD19A2493fC10 0.08
0x832b4914B72F7573C13DeE95e5519045b627eD51 0.05
0x61903659a8f1e6862620b779acbb3b6e4ff41345 0.07
0xc7ee334c32BB7E7dF48717a9ed4d46d5aa12ef74 0.02
0x5bd8ab9b232c39b83fe4dae5fe9c3914dea2b6c5 0.06
0xb70aD7f4320da704a290117c457C0c222708f9B8 0.02
0xaa442a85692fef0c94a4385708fc3f64ea8d5243 0.04
0x3D84277042FA8076EBeac67a6dCDaf7068922f68 0.09
0x971df256D0473eD8989dFeD31125E48e3a5F2AD7 0.07
0xc195b7357709dd42eB2131d99d0bCe1A94253d64 0.04
0x1f10905f3e3795172a90d95b63084587381e8898 0.03
0xE0EC1B0Fb76E7498E0297fdafB5914b2b2575522 0.05
0x91168bCe9965d4f39631BF01C702740d05eDe252 0.07
0x88b37103d48aa2c78c303a07e5635af14d752864 0.07
0x3c85a28C0AF8350Ff2a6e48241a9A4907dDbB891 0.03
0x5f65f8440a0539e5d9bb177792890116b878a856 0.04
0x9fE859594290d6c094C815D57FA88d436fFB56c8 0.01
0x5550B94750B6FE2B135e65A7d6c25D150011DbC1 0.07
0xb4cAE119c8F94D94FE50Aa60bd78dfb5472e11F4 0.09
0x9Bb8BC046EB7c1D30e9F7750aad379a735B0ddDb 0.09
0x1644aD25A1BD6E4a8D91f08d759aA6b902F2E031 0.09
0x27653e69d65ad9737b91414761452c0743b3b3e4 0.01
0xea078d2e819368f6226c35b2ddb07d0448a9159b 0.09
0x08417773F3e27D29e976f9ADdEcAaBc3f583846F 0.01
0x04205523dd02fFA18F4CF7de02001aB79AED5D21 0.04
0x3cd96cF14be88f994bb38765B00Eec60aB32dcfb 0.05
0xb489f2f03f7a5c5401c1215c7019285a8f6b9b98 0.09
0xcbe3886e02dc671004fb6c943c2bfe5a75b52e5e 0.03
0xAf5a1C20315f424E21d6421249bF188d2f168477 0.08
0x1654e9eBDe1c3891Ad4193ab6242c1cf464C3640 0.05
0x43f10f30d5dA1c10700323c8AfAE67bbbc4CbD4e 0.01
0x73f662941Cf6a447dE8b0EDFe6D494dBc68e4B92 0.01
0xCF10fCF0ABB36dfcC0956db3787805f9a24CB0b3 0.04
0xb2429fea339c0819afabc7eb3c84b48889cf13eb 0.04
0x33Fb892b5216a85B0b3B31B80f8A92218eb1967B 0.09
0xcc8945089600dcdbf14bdc5f66dfced51c7f31d0 0.02
0x4C186A6D38d4DE9F6aD2351aaF449c51b9be3375 0.09
0x21e23026fdf33a38e8543bde4c462a5df60cc3b3 0.04
0x250e939c4351610c112428d08aec894134120714 0.01
0x7b5a156cf33e30c72414c462e23cf585837d49b2 0.08
0x6959cc65e83b7d4552b54bdbb59fda5610698d8f 0.09
0x2078829F97C11503D8AAAd65758f1E2631293500 0.09
0x436fb1aF8d4E85A29BAE7504fBE4f506772EA26b 0.07
0xbAF2b9338533843C4716F420246aD01845ED0B23 0.02
0xfb29e3f45b3f762eF355710CBC3D8a591Bc9917F 0.02
0x6A8D6A21c6087Ac5319C73a5e609235e23560338 0.09
0x65a66d71e89f50c9b8d2156642361da9dde17717 0.06
0xd2E8611e3011420Ae900508AF84CeE47251F3B67 0.01
0xA92D7aBEBB9B6acB2cb0AF33af59083f18e89d38 0.03
0xa4C94e192521fc61e99c69eC42a14A9cC1Ef061B 0.04
0xb61CAf8b19E2A16FC2dD867c2Bba289033190E4C 0.09
0x5de51db773c49d1e8a9d7cdc0f0b64553b04b6e1 0.06
0x14449D8924061E6D46372147E0Ccad293C640339 0.09
0x16bec297b2f518692b6f575a496d53d5b248ebd7 0.05
0xCd053E9ec54Ff9a62B07080CefAF4dcf3679FfE2 0.08
0x216aE938e40dEE241de8A401c98A3b98eE5C6A0D 0.02
0xcba4bdebe30501e67f5f653c1067dc6884b8e680 0.07
0x68919F5cd4ecD2D1c6fd4c2F6bB26b17757D7c72 0.05
0x6bAd12fa66a243fA207d6f45De039Cd3DE4B16Dd 0.06
0x8d69738482d6f26A66C3Ab9004fe2f31F3c7Dd51 0.01
0x32fAeDeC6A42772742528725C04C37113245e0Bf 0.05
0xC0d9Ae4426209cDE6b3488EDC0B63f6CDAE525d6 0.04
0x6f95D2EF761c45D499415D7890276Dd9F28d396c 0.01
0xC438588C03c8ca611eCD5CAd4D78be2c273AC109 0.01
0xeB92f0f58b218ad22a22741D5aa5bb7250E70045 0.09
0x23df25a882F3254bbB6A3ea76d3C05A01E2c932d 0.03
0x24E6d6d615c43c778399942e39952bcE41429D02 0.01
0x7c69fa3862255397d2477D28180c572043851D8D 0.08
0x24cdeb498cda9540297339f5f2ed74b25b0a1432 0.02
0xbAeBbCDa75Cc5327311dae6F13294Cd4E88ada4F 0.06
0xa1f01727A88F65114B1cBBba76c54eaFf72e9B55 0.05
0xa996c1eB90e1a904A5F1280dD466D6e2D62CB7D6 0.02
0xACE67377aEE391D61a510e9C6dd8b3929C875CbB 0.09
0x28ead8cba7207c3eb7319cfb78f73b42437f93e5 0.04
0x36d6d17f6c99877e13e69a771a96de6b2c1fb3a9 0.01
0xa989b44c00872814fc82687f912d25953a22ab13 0.08
0xe48207dbeaf3d563e9787856fbe44059cc0d55be 0.03
0x08cf9eaecbbfa3ce49951b82004b15c644bcc480 0.08
0x3ba6c929c08bc927979ce2DBc54BF3972050030E 0.03
0xb032BbE97aB1c7e87884E48Fa3155A70E641E8Eb 0.06
0x11deD79AFaC50E6aE15e03Ef6E3394CC4a286Ef3 0.08
0x4037cd801Ef8747a5CB83477018854663B1cd83a 0.07
0xc44fcCBa50AA3e4eC1fC238BEA88286B597D08a8 0.07
0x05c721c6d9af48fb461fda1542362478d938df8c 0.04
0x43601EfD75a2d755974F86E15F1BAa56F8Ea4e25 0.05
0x08C9f15Ef4c2862A397057C9a177A1037450De4C 0.01
0x8025f90Ec2D8bE8CB3664A5b3c7b70D7Fe9F612f 0.05
0x554BDe86Afb6cE2E9bBd2752a7500B44520e31Ed 0.03
0x28d3a666360F22371ac6f1268720db7eF46b3D71 0.05
0xe0B61464D14AA8F344987b42a398a34563c535Fb 0.02
0x9f7D16f1316F59e4F240990Fd49Ff7722450eF36 0.08
0x65D12C16FA1B01960d4f6080eC2A2Bc986e87879 0.05
0x6f6d6a1e8db7dF8c7036921B7C4b395a26e58DB3 0.01
0xf8cf93cb9b5cac2a64acfddc0bbbf8c8df7c0aef 0.06
0x43c87f55f7d725F3bDA0C940CEa9Bf7DDC0F15A4 0.03
0x1E71A0e4CDD1aF058c67F5947294D98CE65AEEaF 0.01
0x314e5f5a394868396851a9c7c4a55a96c9b04f47 0.08
0xd6AC44d655e3c8B2Ef2791c108533aCa82349128 0.09
0xf458C5C6E73EC708Cafd853C1f3b9572A97Fab89 0.06
0x1d7ddb86c859ad8b7845BCf04B20f52668585D28 0.03
0x3378F0Be3c856Ed094edf23dfe3EAEa2756201C4 0.04
0x3Caaa2cA2cBdC0eaF20F854733DD19B9775bcB0C 0.04
0xc26a357bA7686FA6CBca8C2dfb9bA950ADdda20F 0.01
0x6726d7A936Eb2b277BE97f7C6f36b1EcFfEedC88 0.07
0x2366b7a134377649a74c93a6bc14a7fc6996e1f1 0.05
0x014E1248A613C0e546e9082cba1c3E0934546DB5 0.01
0xE9028840228F774A327aFc75E42e9e274ca9ce53 0.01
0x9c513d47a2962ac9c64a6092455b4785b508EC25 0.02
0xf922f229fDcB8586897968C3FAB04C26c8776095 0.03
0x29be18b4056637689FB78BA30aE0b68203793D3f 0.03
0xa5D67C01A48317ecd417A2d8D5bB7b90d2CE0490 0.04
0x7f57E9AfA5f3431095909FD2f907db6848394EB1 0.01
0x333DD3D476CDe4C773A305501b6ad89B854bE81c 0.05
0x8C5f2a96F12D7EE55f40E654dA5DE9b2a24B1120 0.02
0x9184c6a8213dda40288a67a8487a03caf080e4a2 0.01
0x8Fec368f9595b1dFf8350813b4F7C21b943B909E 0.05
0xF2441B806687c1C82C690e48F052bCaE4f03db0D 0.06
0x4a3095025BDF368fa1ac60736A5D57DEeA63BBdA 0.06
0xa9b7636217D7eB286b27A674853c1CB1a7F3c196 0.08
0xE4c269160B974BAF50de2F35AC6EBD4e883690B8 0.06
0x2f7Fc5C144E250030D74d8FBbA5F55873605805D 0.05
0x5e5768dea4de7f78b3f4abff98ca771a124124b9 0.02
0x07BA9e2B552F1B61E542DD282A6d25C2b41b066c 0.09
0x62272E477Da6c74c94393f29B9506d9D5Cf4bAd3 0.04
0x32917b0a8deB8Bf5be19fea4914E165E560e018d 0.06
0x447DA43225d5af875783465257aC0092c1E77a1E 0.09
0xA22f3E21da70a77Fb007F1dB57E02ed88f39F4B2 0.07
0x47B2DED167d14F5c0a0a42666F0D952D4405071a 0.08
0x2eae2c36ADaE19409410EF42E2055715810eb893 0.04
0x234e63eCaB550d8E600f0909544fC75f430Cf1dd 0.09
0xb7E92e0f34F5F5637fBa27d6f997e799adD97182 0.05
0xBf93c437A17A0AD8e84619C4b4570f29Ea4CAc45 0.07
0x8DA23aB1F6f8ca0d5d4aA46035D9267500DB53B9 0.04
0x5906DcD6DD2c12aE51e953A4e16c6A8E70bf2a6B 0.09
0xea3d4d9e9e2b40a7d7f66701ad332dcf7c7a451d 0.07
0x9ddc8912ec0d42a873fb6f95cbb36ccef94c19ff 0.05
0x183CbD504fd5C815a92F863dFE5b15C66fcfd753 0.02
0xF008200e513d9dD897Db738123238aeCE432b961 0.06
0x214B369E69ef7Fc6265EF2627Ab2254a122be740 0.01
0x0ca286f3F0DcC6d57096e6cDafF4ee3Ab26F0BC2 0.08
0x647e7F43fA7Bd3BF6a2Fc1C808876844A2D103d9 0.02
0x4EaCA6fd5ea78d106383a101c3d6169dff5702DE 0.04
0x43475760b6E7e6F7c639E8E3C2D65c63aAea9888 0.05
0x798b72f03884f0e1ea2295ed81363d671df99e36 0.04
0xE8685a00D727CAE03af5Bc51f64908d103ca98A7 0.05
0x62937f966838DDEE994caC8E4843ab56a12d9619 0.01
0x6e91aD0Dca8a78d4dfe41ebb30f79A5f2ff58572 0.02
0xc31bf241ccd2e0f44ba436c30108f4b6d44529c2 0.02
0xb161F193b5029ffb4aF48Abf591547F2bc7C9FaD 0.04
0x1CEFe70A0b7244C4dDcB0EbD69C0dC5EDa0D3a32 0.09
0xc2908d0C9CC151Ede2d54A6ABf8Eb66Ce4A96937 0.02
0xfacc8a005Fd673fBca9F3c91f1A4784cE92452D9 0.06
0x5934536e044B9fC0f7939aCd8B9C18Ae816f195A 0.07
0x6393b24a3b85424ddfd51bc9f759c5a79d15cdd6 0.06
0xCae9A34b7d83e30924a662253605cca545778BE5 0.03
0x571B001f677F296098afed2463fba8f0240F351E 0.05
0xd17814762bC18369f2326dD85Ef811C7C75431CD 0.06
0xA2e10B617f4e7f21a11186fb881c80d660F6c7F6 0.09
0x12072f6296ec0b354cea2bB3ba0355de86b7F56D 0.09
0xFa50D1A9079B9f53AFF18f5c712f20E027D1Be8B 0.07
0xf457b2762dc2de65e22d6b17fa43b025bbd3e8aa 0.01
0x14Bf77a8dcC3C40F2dCDaE0622b2CC043D9dB64d 0.08
0x3Ee677037272e3c2b462D0d00fe5845F8658b423 0.08
0xC18F4456B5e4016Fea063cd20376645466505879 0.02
0x3ec66f1de3b12da9063357ca2d064dabfe3633d9 0.01
0xb5F9fF71B48ae451D9Ccd73c680c1151bf673565 0.04
0x95e0B9947C001F13079d500299A2FE93911A2151 0.04
0xBe64a9076031B1F78b74E7531Ebd58043f2028A8 0.02
0xC3df10fFbE831dD39ebE4D90aCCE63d6FEe4ECa4 0.03
0x44096E0c77f97a3d94F7D913c37569cd7598e3b8 0.09
0x7C0733362Ea9Da5613724Ec4D93C0689C8a8F424 0.07
0x4145A5fD4943868f16697585F45b02Deb740F2cc 0.08
0xd8736bebeb9efe4ae775c1ca316703f93cd858a8 0.01
0xb2D091303B43Be45149FB8044904E408270876dF 0.05
0x19951109B0a21E561e14b8A6A67ccb63b3E46266 0.04
0xef17f05a2fd428e61cb43bcc95b8cd17446f4b2a 0.04
0xe8ad03C57D2848167C48DBa3F398E6ebEF910d7c 0.02
0x3BC3cB5a42Bf5a2350b0eD00d855Af14Ed3C775e 0.06
0xC0CBBD9525E2409c907b52D9a385bf1F944B08C2 0.08
0x9e3677f570bc1885e132e844733f577ea1657ef4 0.09
0x43BFaBcf8A8Fd2500b054f9EE403b6F5Ce28E646 0.01
0x22C89037dE2d5720940D8424Bd4094186f28B4ec 0.07
0xAf36D56eB271047d7e9c8e4A379d67D6171CaC8c 0.03
0x877bfE507278c916a26237864144Cb91044A4093 0.02
0xE1dbE377797066eb7C307644660924e763770970 0.07
0x788E5490f721B60D51e3034e9e7EBCA7CE48CB21 0.02
0x8293ce267bc8a7485eb62f724854c36b1f22df61 0.08
0x02582d57954C48Db891Cb8a73f4Bc7375189B6c2 0.05
0x9176a163D91e7E6cA6dE09Eb6c0A87DBccC96dd1 0.03
0x15a48D16758bfa206A2c9827D904AabcaA2C0aC7 0.04
0x69b032c2BdC42a0Aa49398baA2Bb284c433B0e63 0.05
0xda670d2738203a8f5baebaa312fdd20d746f5081 0.05
0x2E513Eeca459b58F0FBA15F6084D3339D23EE4C9 0.03
0x0Ada32f4f7bE8dFC1dAEf23d996f553D6f042a06 0.02
0x324F8f645dE6B6e8f9b0B8bC5397Da54cFfD456B 0.04
0xd554c476Ef11604b4c6CBA9b83d708BDCdb24147 0.04
0x54885Fa381068F3c59C5C60664fa53223E63F950 0.03
0x59AA27eE8F600E88f7aDD919c480196Ab6E026d3 0.09
0x7e3f31eafe8d5dc9a4c4bcf61a1076ccb49d696b 0.09
0xB044f53264FBc068C159AF309aD9597f488C4C28 0.06
0x0729afE2F1E9383cBdb5687E2aC779eF73Cc94E6 0.07
0x5Fa4177720C2Fe68E5c7E5EBE3B241AE18B53828 0.05
0x5ba3D9a9C6390E0df8e13E9cB95Ae236f8edAFEC 0.03
0x9B6D5b47417ea6a19a5A7C8915679Aa083801bB7 0.09
0xBF8B6982B452cDAA3a11bff8b56D02115A56f22a 0.04
0xBcd851B1e116C2a2936311Dc4DC6A8D728945909 0.05
0x143bc7fbab4485f1a3b4dbff76bced12e1c25d25 0.05
0x3713a3B1d1fBFF65C334481a3279CE8df277f083 0.05
0x6b9e42c0d11e65452aC88D3BFCC77A14a01728b6 0.01
0x58290459D238DCD4E23974AFfB1B6678E0328792 0.03
0xE8B716474aA319b5Aa722ef4E783842C9fcd77a2 0.01
0xDB2E704FD66881c58FE1659A380F69650DDb2552 0.06
0x621e560919d61f80227d7b72613debcddd41c794 0.05
0xE028d26a4204D2c34B6583fdc74c530c658285fB 0.06
0xaA0dA207FB62d7baCb68FA88f67bF76Fcd91ea44 0.01
0x08c049Eb2d3FB43A7537dcdA91E91Cb43cfb9247 0.01
0x69a81bc02163Ed89eC786342813858583681a761 0.02
0xe28219ad758fc055b32d9244f19c03fc9b264f9e 0.01
0xba79DdA77ce3dA2cBB13a90983626fb499dA5a9b 0.02
0x26B461c7E63785078F3F647af7C3c173f1df011f 0.02
0xBe6ddad704789c24c936A5Ef5679eBb157295a13 0.05
0x3D867abE8538D74981Ba1A153aF31D4a2Af0B443 0.07
0x954AEa53cB178bAd945322E6EF9aC69E9fDF4ea7 0.01
0xC5b9512720d38593A2ECDCCe27a6cb3f2C8a7DA7 0.04
0xC46C5910d04dbF22318fa365e2B06a092Ea29e7f 0.05
0xEf55b0c56E4bC662f3ba24F22821F6c04A9F922D 0.02
0xc93054e9cf48a559a52829ccc7004ed75a6bf6dc 0.06
0x6ffDCb8024039D013681eCFBa1d1D1ca02BFA8e8 0.03
0xc4C9DE9499555374F904FAf7Ac7A1B349Dc0AE92 0.04
0x2b375650d3d66878D717C339eD011070c4085fE2 0.07
0xD2dF7d10C4DD749E4a5d0e260948d7Cf236Ed494 0.08
0x9e063ad6c0f2753d86bc0783fdfdb50c0989591c 0.06
0x39299a61A2871A5dC2dC2B8E087d7D7259bd2828 0.09
0x48c60b3848f8B01627124Dd9772a6d721CC9Bb5F 0.06
0xe7124c6F7d8A6497002D2943E58Ee687dD6710f3 0.05
0xC43a358237144A76e93A1BD1F6d5546821B0F773 0.07
0x91CbB9102EbdBb0203D8217DEb1574Fa6Ac2793E 0.03
0xf4867437c6bd8c707433edAD1d6773BE3122c146 0.06
0x98aeb282f2ceCDad67F220b200AFe77B0B485A75 0.02
0x6916cc0b4d2cf5207579441c43cbc2de1162ba3b 0.09
0x86D9508f6EcCeF256ecf969D58Bf221aD2038D48 0.04
0xb0F953D5cB00475A90fD638f6f850FE3808fFe5B 0.01
0xF1D217D894000b3a71340D9ebda0f9e3d4E5C40d 0.06
0x35d5F64938B90f798225a7fC2A87b8c04E40A60a 0.06
0xc35fbAb44691cC1CA6F6BD77588D6Ca80FA675Cf 0.06
0xbe50434891130f9cfa5e2b6b548cb19d0bb112d5 0.01
0x6912F03C0e63461618B02EF32300bB39854F4073 0.04
0x3a1dbc43B7814d98b08d1D22Cec0a51Da7ca1fbd 0.03
0x802ef5DbB130DAaF57f8356e5Ac89B5c6F830AF5 0.03
0xA935B3704833212bE059f4931D6ECe530fdf300c 0.05
0x3778a08110A354Ab5F904648D155c5730Ee55877 0.02
0xC1FC790417f1AdAb930a8a166352286664aeDfe7 0.08
0xb3d69c5e059a3563c6d67373ae055c86908ee6b1 0.08
0xb88A528201E6bd614829d66f9D2CECC5B9758ec2 0.07
0x9117696FB416AfE4e955D5c38Fcc977755013847 0.04
0x5Fd376F336B4E0Ae941A908470F95BaC43932b92 0.04
0x7bd9B060D168C85b79B0A1a65285f19Bb61e24f1 0.08
0xFa0740875Dea252A74Fe20cCaf499E18B800e6Bd 0.04
0x1EDac902ed158688C2B25c8d5549eB33956Ee99F 0.08
0x4a5B2D408017AAB456a1575e71a0F851e72c730F 0.08
0x0035d34eBab67b61516579f9e897074C20d6B0f2 0.08
0xaa9e880dfb26d66a369eb189b39776991d819d64 0.01
0xc3136F46C8546Dc24f3Ea73d8D0D4fD184b34a2A 0.07
0x7D80FBc5Edd383F237f78Ef7191F3208E1Bc021d 0.04
0xC37216F77CabAe184990529a764238Fd94fF2d58 0.03
0x64a45F83F63325f7819F9940fD7611F0cC868704 0.07
0x781cEC6ef7d424e8374e2c34994587d912Ad0d4C 0.03
0xc1199499c8a93C8D737604266f33d6fd82ec199A 0.04
0x86E0bFA927C340B62e83948e4826C690f3D096C5 0.06
0xCA1Aea06d07d21C100700a0941A58065ae7CCF20 0.08
0x2d67cbb626ccdb6e2ce233ec52630ab9751ada69 0.04
0xf690750f55b19237C41460d8A2de51546d2414aC 0.01
0x3dE151a2c3A7C2e7D1f93BA02302B1E90fD5F8dF 0.05
0x75F144F1f70717e7494c6e807BAd7656F901B616 0.02
0x9f16225Ba2130B55DdadcDf870c6a5Bfd38432Ed 0.01
0x953cBAB243B9318AE1c5661Ba48FBd29Df78464a 0.04
0xb313f13f9F33c1a5cb8A3aB211B462375fA3e6F4 0.06
0x5Ad707a6CAdf968C8D3E13fA104E9E1981c7c216 0.03
0xb82f84C24395c7441E94e854510559556A8D5D48 0.07
0x1456347Ca4A3b66dc68C5879430BaB91d2e1ea4f 0.04
0xfaf7b226707c33f9593fcd38775aa607eF31eCbC 0.05
0xCdf14C4084E8424723847123d846B63F11106d16 0.08
0x84dd7FCF902c7059D68Db705B0369C9AE281AEE2 0.04
0xddf7D29730c9d508bf73f1ee8F7A344c07be7d08 0.08
0xFC0f8E9b90D60e38dC3eA8C151B3664b9CCCc588 0.03
0xD5760922F1DA0999C3dfe107623011d04a60965b 0.07
0x4057416B5e049C0a3B0723d223Ad74B2fABbb388 0.07
0x883c3B847A6baf17a085E3f345cEd0cfbb67544d 0.01
0x26219D81b85c19536ca4459fe05bA27fdEf085B1 0.03
0xF054aEeCce75039447226E2215AE7215E38843F9 0.03
0xbdb0A6632667C24b96996Baa5AaA3978749d0429 0.04
0xFde864EFf4b5C951eCBeF90ce6e0f660747983c9 0.05
0xc11A89968644E7dfb38766F6b0493B3385AFEAA6 0.01
0x9506E7bAFa7267c7C488F73782181438A16a023d 0.03
0x429537fDf32d46C295c66AD9A8856C49e2E601b5 0.02
0x44916A0E42e9dF6C331bCdfFb0C6282420C367FE 0.08
0xE4aCD741cFF24481E1aC9dD4E38489dE84F85aC4 0.08
0xD8f71553d2e5ced3690FB5429d8C77bdD58633b4 0.05
0x905791C0F2d41cC5a597B63b57cEbed5501d486E 0.03
0x0d9dd5f62653f2163613664FFB3290B4f48fa6A3 0.05
0x476B2c0A9605A0D5b495C3E313460410d0aDFAA8 0.01
0xB48486Ba47c171FAAd84dA424858467C31735e5c 0.06
0x2b0c00c5722a4a4a630138821a2449790a30f5f8 0.09
0xD410b9f5663983D6F3473734d414f14FA862E109 0.06
0x839813Eea5fdE0d73b7d59090b04015d5F049eDa 0.08
0xeFf44B07c1D9045c48c414D946ADeCB0e870e568 0.09
0x5257Bf079879512AfAa9563e8E04ACbC7075f14D 0.04
0xb88A05E0b134a37A241d8ed087004229BdC42EC3 0.06
0xe588392AbA49C6D5775E40F28D882fbBB10beAFa 0.04
0x18788db3fc3b87ab1a14670002dd6494e7b5ebcb 0.03
0xE72c113BA5B5635d709377C2bdAD755e5e3f0014 0.03
0xA15c5D76f4CcC2d254699507CFaB91DF10d74767 0.02
0x38DcB494B74E5a9C328B1Dc3C52E6F9078aEC692 0.02
0x47b9A34a4A9966405B4eBd3256948E49bC4c4350 0.04
0xBD77e73D0b97BC0392711646eF2A957adC537420 0.08
0xc86AE8979035D7A0ec001CaE80fBebb7c7DD0D93 0.01
0x746Faa43A8eE21f80292F382addEDD7fDCe02C9E 0.01
0xAD9D5795E6fEa1f3762D53c6c6348c4026c5BAf6 0.03
0x62697b61133821fe134ecab9b6edca6a18736bb5 0.09
0xc47Fa8f5a8F9338E3cf116B6d64A527f352480B4 0.07
0x48459D929f02994F3cD633f869F69AEd931b9197 0.08
0x6ecD974E955d588B61C69060728765F8860ccE11 0.05
0x36dea4df6572d33055258f1f424ed3a627c3e943 0.02
0x97bAB3abA3828FcE9aBf2CA6487fB8B70C973a9C 0.07
0x65ba76C855Bc91C7EBbecaF7dFA19419D64CDd02 0.06
0x68751109AF3973BFD3ECE9C3CcB2312af929893a 0.03
0x743EFfE09F4606bA4Fa5ECD03132F844F676b5eC 0.06
0x61fE7008673BC128F85709AB4d11881926C13300 0.08
0x3764a713b4d81a0dbbfd4a82012775d5421d29f1 0.02
0x8f82cfF90C245F1d4Ba8E6476Ec807F76d8AEC87 0.07
0x71c9EE4d9fa5cb68cf9670ED9Be978D090CE21BF 0.03
0x590b7aBD39f27F08971bd31F37f6431A403B488B 0.06
0xA6caA75E6c2Ff63FBe12A2072e59A09F41d4CC3A 0.02
0x00b23DDA21a3dA2570a933d53A32357C21B2bAF0 0.02
0x5Daf4da784c86370e9aD9fDA32D1229a39A91d69 0.06
0xe58c100b4A3E08F5cdBD954e2CbbB5b7E7a52b15 0.02
0xc72b0cec8dc4efad2be0ef682c936955d0e28595 0.04
0x6fc81a716Af9fd6829a4c31A6379f520dC084663 0.01
0x8620f658d645b67fca1d8976e8f0de0e099553c5 0.09
0xc94575b69386f8b067c96bc934a5f2b646153db3 0.05
0x0a468237eE6d624724D98712483232381255cC8D 0.04
0x81C91023568E86a1D345107373CD341c63cDA965 0.01
0x6c63434219d7B34383bf769e7CB81Fc8314c9Fe8 0.02
0x48BcEC0F6965cC81b27D1A6e7F01F617Da425C4E 0.09
0x6395e739013425b40383D8621b0607197E6F7eB9 0.08
0xF9e0D9bbE9Fb177100f8c8eB30D7B51e6a9552F2 0.08
0xc33bcc2ab763a5310f5f49ff364469e33b0b6a2b 0.02
0x65941100443d8Dd82565020F65DDD96568D2fA82 0.09
0x6929fF349e987EacaE6a670F239C6eA4226aB3d7 0.03
0x418E792cbE3Db64C243A9307D213f9F021ea330d 0.06
0xaa5f682c161d41fa1121f386d8b623ca23178cf6 0.04
0x1386A477db1e198EAB1c5f88EE19356Dc87BfF15 0.02
0x3F349624809493859108Ee23735A2741c19B8242 0.04
0x86e764d44bB0a9Ea34281DeA70A1EdBbC481C3fC 0.07
0x5C4f30487C5040dD2672778108009dEcF378625E 0.04
0x339780a7612Dd23606c4dCe23a303e2f249f6ebE 0.01
0xA61B9cbf694303fE044Aadf4e8f8950581E8d895 0.07
0x4930F22422528eFeBC71Bd9ACd2C45DAd282c616 0.01
0x601e86EF08Cc2a13C0Eabf945005057DBa021327 0.02
0xCDE9fbF148c963a3Aee82359759DE5D48Cb503f7 0.03
0x76a499ac9f0cca62cd0180d26514d70c0a932526 0.05
0x15453648fB82Cb16294d9CFB755785b000171C26 0.08
0xF5F019e1e0505E851aE37036C5f8676f0F5babCF 0.03
0xF8A0963768f893F22cf948CcCD2ecb3898F393ED 0.09
0xfc7afc8e898196f842db92988cfa0b2abfc39195 0.05
0x49eC2b0eb92a95E9B9De1C95663796a8a32ba4BB 0.01
0xfaa62beC2f8990250816A9629c157F5551a554eb 0.05
0xe5a14D57cd3d0FB6566Cd8Dc37E2AC07Ca361e0f 0.03
0x7fb0ea99dc6cbc8fed01bb2e5d0192beda71075f 0.07
0x9DBD5dF507f9BbABea117079Dbe38fdAc7de4a10 0.03
0x1dFFEb1E1933bdf05F74D0ad03B3a417B682824D 0.09
0xe230C62A663FFAf57a9bbbca1056eb39a8E9727b 0.06
0xFCfAE037B7CeaB105c5ca7e4E0BaE1286f515148 0.05
0x4E891152ba8E447B037A924c7019DBA5aD3E08E8 0.09
0x98fB104BEE7CbDe54C58E621cAC3Cea4910C895F 0.09
0x002ac7dbC926232B125D8529d6dfFAABF9B034c7 0.02
0x32A735879b44A4168524e4AA1Dbccf23aacDcBb4 0.01
0x30423F26733Aa686503620c45347f4E5b568a6D0 0.03
0xa769b0d5fbe99a4f5643bf9404fb3f9ba4936006 0.09
0xb19449E64062708882A0f0Ec41B611157Cc33C07 0.08
0xE09E119f9f6ef61B60d3f0BE6a06647f2326bEdC 0.07
0x36Ee83FEA37323688c3ed742752073FF5F436B72 0.09
0x0998a543820305Fb8632cec3E34bDD2E602f7f9E 0.01
0x28D4d2a5462CF9B2a5327725cD3F246004Cc9F85 0.01
0x2d20890B0567aBF10EA94E37ECC134dE1f1f5c30 0.07
0xF0D56eC1c0b9653EeaA991F28b7226E3EdE481AD 0.06
0xaD4211bb0a8fAac7BE149f79328efEef7d8Db13e 0.07
0x17071b743Ce4c26F0FeCD4d8AaEC02bE0C868A65 0.04
0x32187b944916d7b31C2846e83B2ADBec6207129e 0.01
0xbDCf668ba2020ad0bd6bBb15c8d9f2B195E379A7 0.07
0x4EcD1bd2cF554B0De8BD4b48c5Cd5141DC04a8C8 0.05
0x809F6232D1cC0D66A6829dD9d6B52ca2b38750e9 0.03
0xb96d2a703882b47Dd0078eCB9AA2B9Dc155af6c1 0.02
0x4a3AB6Ade904eAf5BFE8cc45cfD584dCfC8Ada05 0.01
0x59A229908ea11ACc15f2B80eAcaD32eF48707e99 0.09
0x7fDf3874634cc3e51c2c056D5CF46f6f3Fb7a857 0.07
0x78be4A225dF959a0C2BA8D57430E9b10a3e10338 0.05
0xc36CABD07C8bC47D542C85D667578c220Ff67666 0.01
0x63b5bfd8A6B18Ad2938139295F85a202c54eb47b 0.07
0xA7c1b721A7BaE55289D23cd279c5A512Fc5c4f88 0.08
0x3304b3AfcF346ee94426610A418DD1847762137D 0.01
0xE27C7056E7Ab864D49da562AE085272750Df1216 0.01
0x0e55c5d0EE747CB253b04b073B76577eB27d764A 0.03
0x954D9909334EFc1d74b72743595802DfA0F16037 0.07
0x48Cd3ae59475f17D2cEe4437c90E416665C62e1C 0.04
0xe435aE7A7E176527A39Cfaa90446504EFE73CB72 0.08
0xFa744DcD943012FFedCc43f428Bc943d06F02538 0.08
0x7ae2F32e7c36cC75B8c28DBC15bbDa34d5Adc31D 0.04
0xC1A6E5a4362D5a9D28f0DE0f53dfE8fEc1f679Da 0.04
0x133c030951959537e0c906fFafcAF27d917A1dE5 0.01
0x55389eEFbDa11412bb20378Ede73F7804c59B681 0.02
0x28eeFe016CC1fE855B71377f7DADb22943F1BA3f 0.05
0x9407bC683564a0e01E121844eC38BD424ED3c162 0.07
0x483F768792748CDa787631E1061F6e4E72589816 0.06
0x3C50b42D947AACD1B7Dc0B03Ff406C340DC6c70B 0.08
0x2753d62b99b89b49d6c60edebe1f86de98792f20 0.03
0xe82b614ff9a95A2d7c21529eFf87117E97614ce9 0.07
0xb7C01012433c86228c1ECe37bdf39bc4E41ee48D 0.09
0xBdBB42D0f197638b8Ce8BEca9900aA9328d31Faa 0.01
0x453f366670AC438bA5455faC44be06010964EeA3 0.09
0x58C658E3185072915870153448e893aaC3226aBD 0.03
0x243c056AfBA1CA5eC59f154B6cB4de8883d79bB9 0.06
0x7651c030ea071d73e0ab2ff7ccb24f4157105874 0.04
0x4b4ec6e08Eb80B7DcB147e4D3fD1307552F645CF 0.03
0x0dF32206583F3eEBC5d6AB4147e6637e15CA3236 0.03
0x3AAB27309C2ea55600C3FA08e43DF2945869Fd81 0.08
0x20Fb2d02c2e6A9477cb76586A56A7Fe0feCfb974 0.09
0x06e43f97CA614CDFfa85E320260e94ca919D71DF 0.02
0x18e5Bf92a692C6948ddF40f6720A4d432134460d 0.05
0x42F94d29012299bA8c97799177468B29A66Ab25F 0.08
0xcb2a078676a86ae66875e7c6d62c192512bb2a75 0.09
0xe305454d9Bfd76f0661F7138C110d5e8E451D2dF 0.02
0x29097f85e0a0460C77bD5de59c80C497DCfA9B32 0.03
0x226ec9b7f45c8ce4924dad48becd0a23b9b14834 0.01
0x2066e4d1018ae652141ccafe39902ba0608f3214 0.04
0x0C3D082ca34a84dada26104D98B0401Df00862e4 0.03
0xdECe232fDFD2045709940940891033be95E363d9 0.01
0x1fc2e633640ee074f4f1e6ee7509b2adf0bba155 0.05
0xDa1379c8B6A71E01bcf795ac25bE8586e59C50B8 0.08
0xf4b4b06bd36f653950f8cf9f194b7cc403dd5860 0.03
0xAf4ec687d6B95b4b3a54230782F6C0124c15AD2a 0.04
0x4264e5bb123bf2936dc01aa4c03ff450e2f043e7 0.02
0xbf36a33E3259D4281a57110238F5f37953Bb763b 0.05
0x42E5F034a6EF6c782604D4b93a3fef46AAdA6BCB 0.02
0xa2e36c873649823e7b44e0243b5ef8fd76d6d422 0.04
0xDb1fd195b05571aa20e5b3721468a591c04FBE0b 0.01
0xe81d7225DbcB34caBE1430Fa31ea80071e7Fb1fa 0.04
0x8Cb7fD703b8E16dFFeB408213EaBa8F9fEc401EE 0.05
0x2762Ea69946c917FF77f5031A07Fc29899138c17 0.09
0x66c34b87e7016d143eb74cec9990285f81980c75 0.01
0xab66664962e1432ca4eb895083c475aa3e271d1e 0.01
0xbA44C6Dd2693ED04C452Be0165F5559F9b12eCf2 0.07
0x5Dd0F0581d1189c7c5536C06ac25f63f83AA3e71 0.03
0x5Fa4152a5d284A6cC8Ff48173439C44464792170 0.04
0xcade4cb483efcc930899cdaf3d9ae0800ec57158 0.06
0xe6e23b705552E0541648a728AD970dC6BD21c66F 0.04
0x6D41541B2D0B7D10D5ae9Dcc942852a8fe6Ef96E 0.09
0x4D608Ac83038D5FABE2b78938228D3f776c7E8Ec 0.09
0x081554bb3ffc1b1b3398e662b4222dab7d20fe5a 0.08
0x0625C6F8FCB817F4966AEe34876854D4d9351B01 0.01
0x1CF393b9Fe716e6Df0f6d006b771275dFD3A6108 0.06
0x168a3d20c057633efcd6ef29abfd4795690fbff0 0.01
0x23b43659c2e7f1edf3c6560777accc9ef13a9a44 0.02
0xB9BcF0Bb52C072b28d5B482A8EC06747Fd6cA4C2 0.08
0xc3cc32893ca18e12df466686a690905ed0ec81bc 0.03
0x75a1a5C3524130eF01F8BD642EC789cd2e7F8277 0.07
0x4d3880f2b8a74ada6b104d4c2b3a9cfc3df5914b 0.04
0xf4D983D32681Ad243F734d20163558a37F8ce70a 0.09
0x3c535b69398D560a95400543aF3EE1D9848946cE 0.03
0xd90dB8D31F4976711c8809Baa61B76917c92399D 0.09
0x00957F1d1544682204C063A0696Df51Ab159068F 0.03
0xbCA8CEBaCDA8F3084AeEF67E8935D1a1BDD7a346 0.01
0xb106c1c423437c981c8bac83dae3315c486a12b6 0.07
0x1CA653c2d477994E2E213Bf17B6d5Bb16F5247C6 0.05
0xcba94b300c5fc47cae167b79c7218c9bc8015b23 0.08
0x14040e3584bb12746033e01699fc0f4729120561 0.01
0x2c982aAB9D144C42E5376F0Dd4Bc0C8EDC7Bae9E 0.01
0x9a1e4265f6251b5309a8edeC673aB8CADD66De58 0.04
0xac77FF7B140DF055Be699B72Ef1c33357dD048B5 0.03
0x708dAA1aa61CF13E3B0bC97015147cDbdfE15Cbf 0.08
0x93883F1BB6832d7A81D25769c7cc3BBda3f34B66 0.08
0xFd00eA5f99939deB1097CF6e11145aC0f576b79e 0.05
0x55ADF70Aa33Bc3d60AC62B9fB801Ca74705360Ca 0.09
0x8EFB1C6257B2FBB0E23149C5C4df0310d5D398f9 0.08
0x4973baF2458552354eB36CEd868E29E6C259D7C0 0.04
0xe94e36f53Badf2Ea36D153eF456b0b9b47e3Ec8C 0.01
0x114eee576dc0bfc51bba0e83abc959c9ace29eb1 0.05
0xDE69C6f009442f2626c1b438B676F86F1e241dc3 0.02
0x6a3eF97a414363Ae724e22F7c58A4b9c7c02EA13 0.01
0xD61bD74e8651C263d4c6c07a653356c0B1F7E343 0.04
0x7B6F99d3aac4A78910046c14C283115e68816eb4 0.04
0x64857fe0563EB0356F26591b52F2848908AB988E 0.06
0x8Fa2D001b7396C05EE61453a0249a3F445b2b200 0.04
0xf205ac8b7f6F037Fa28CE3d9cB28711CcbACBFd4 0.04
0x54213ddcbae7250910a7a5ed5b3770a702582724 0.07
0xf035BD513fe04c8dD042C223cbBf78Cab998243A 0.08
0x441715f61d83977296A692747e96aA209871ba82 0.05
0x7af6f76d33b68563a0f1c1e032540c63e1398c23 0.02
0x91b9Ef3792B946F76030B4F23fC17D736CdEDfA9 0.05
0x54E0975C13fa5f6Ed376467573C0E7F9EC3956B5 0.02
0xc773b1a1815571051206e7923a053f8699623262 0.07
0xcb53ec1FC866519F3DDbe4fd06F578848457b820 0.03
0x01db0c1370351d0581F9dE21B131294d0e95ccC2 0.03
0xd8bf3e895dff0b2ce24df74c687818885ad588e1 0.07
0x7ACf2D8e1df4a1f2CedA98f1D6e74704Ffdd0a95 0.06
0x6F2e66EC7AE0E515717c10840a03F36c0eD5aBD7 0.02
0x84191C2cAA7FB58ca07965AaCb0A6e2d3b3676B7 0.04
0xE1dA94B7f925B1537B05bA6310aE9AFd9f250910 0.05
0x545656d7db62c5321e0d4fd3e6555692bb2f8a39 0.08
0x831638c26ac21Bbc69023A97e4F26fF55D35698a 0.01
0x38DC898Ca47d56E36f0C00e54B70eda075F1899C 0.01
0xC601037C882AC3d1b35F109F1CF13F01926F6534 0.08
0xa4A386B6A1e5008b94C6f2479a6C783b261eD43e 0.08
0x44c1f6a370B8D2fD0aF8E6B7DDB5E107dA25E619 0.02
0x5c56779Ea5D0686dC028721AD9f3F2FB4f1E524C 0.04
0x9db9c74cBb4e45A61eCd6EBc3F3cdA0DfC4721Ef 0.01
0x7b67e2efec2fb4a3f859af472f2741b066d80ec1 0.07
0xa7c76a3aaeb0f06d5d80e4c53ab6ad932c43a69b 0.02
0xc496EA3bE6821679ab8061FD0835E83799153FEb 0.03
0x2DD35d8E990f666689Cda6617B0264BEF5d266E2 0.08
0x2226629599dddc966f333Fad4ce3264BBdA20e25 0.09
0xf94d670cd4388e60de31307268f3ff19a059d7b2 0.04
0x6f071018e9db0cb9412f1c97456cb8b809b4a068 0.02
0xc53858a85DE2797DAaB346dE854323f148e75b29 0.05
0x9Cbe411947Bf0BF83153198177F5D38C3B1A4f14 0.01
0xAf4fBC64a01152f4Ff6EC120901C760B4c89cED8 0.06
0xa58f2fab7e3ceffd3521895e127ef9081488b526 0.03
0xaf522adca366e3c8a9c8440d478fb5a7033e47ae 0.09
0x8b54ed3c2909BDF5d56eb91FDE3309cB994e1151 0.09
0x5271e5e05d1a3144A570f9986997a2A840cb908f 0.02
0x09aCbdb1cA2B4fB2E04Cc45df3F557478A4fF389 0.07
0x083892d5bb7bc2d929b62d14e6b53870618328c5 0.02
0x6AD8a1445305581Be5990f9A89Df9659D8B42E5C 0.02
0xd16915a12275E4A89Eeea4B69C5cA4546728592e 0.04
0xCc28c0f9A13c3F007eBBa82465Ae4fdC302B1A8e 0.09
0xB105d46d0Fed6a9EE0e5E6d77A2dE7c63BB13F63 0.09
0xABd62e68ea6dD5BfB4AB4fe216979F4708006C10 0.02
0xdc13eb2ca3aa9f4b9bf91cc151e01ae4a9fcbe5d 0.01
0x942723635fab115a66946cc5af9ab747cc027bd9 0.07
0xDee7918E52A399330C88b536ac324D77909CE08d 0.03
0x6A082A3DeF1aDC37b9aF58B01c47095fBB8F7754 0.06
0xa95E79c8C3eDCfF75c9B61Cb8D36490c6B63113E 0.02
0x0dEe2e4BfB5DDeff53e658ABe048c9c94b1c7549 0.06
0x248BfA41B45B669f70a3340cBed2de079Cb89b9F 0.02
0xE989d89299Ab9e46eEDEE66Bd066C509a47eff5b 0.05
0xaADf3BfEa9D66d47924401A34dA06221ffC028D0 0.02
0x11CDcBbD84469A2b3A1c9b7d8f4e3EF21A297b20 0.09
0x4Ad122FF457853BdCB0e02085790a540CC6e73F1 0.03
0x6584F36416Ff5259deD51Eb6B644E8891968Bfef 0.03
0xcCC8f552c852746BbeADf0c40bE9DaD24a3707C4 0.09
0xcec8611e4ecd5f9648d75a6d6a07c4f6a4ed7ba8 0.09
0x2A5eFC7982cB0d41222881eB0c6f433513A7997E 0.02
0x95dA0D312Fc32A21AA08b577149FFB6F6B8044e5 0.07
0x2b7fd4be97d631074708e50dad3e8c07f0f760f9 0.06
0x3b0cb01FFe652bFd51B80ce4753aF91e13d2842D 0.04
0x72442935AA89FD8E2B539f8c14ACb3dc408e8d32 0.08
0x76c56f250A221afdE141E0b155Ce374d5CaBd787 0.08
0xa65acf0b177d0b50d83acbec43e45402128df77b 0.07
0x3bd330ad02eEC62D352AC8C4FA71F8f96c7661FD 0.07
0x9bACC56b133c690A5c3BeC25ECD4d69B0332D8e8 0.09
0x1FC372528952b8Ebc9428f61833Cf9A95d8DdEF6 0.06
0x8f6830cc801c9e658abeeec03832908863cf3d13 0.08
0xb0FcbBFE2Ef582601628eF7Bc637050686189B75 0.02
0x9da43982C73FB32aB8a64b96e10eC0664FbbB88B 0.09
0x5dB4A3a7123cbfE69c7fB8aB03414FD07440D597 0.03
0x0D269cfFA65455410EF4108505Dd72D29a3BCd7b 0.09
0x33b19007d2d81fd39ccdc3c9a4f46b4037846e42 0.02
0xa0998d2b3e04746e55a4248ab03784a887cddf8e 0.02
0xDF9B04c40748a7dccf3f79F418B39574dB933677 0.04
0xE5FC5AF0D03f5d4fEc9C5b57034F492276D548d2 0.04
0xEFbEC5eC19FD2B5Baf69c93C3462c52Fb1c8c5Dc 0.08
0x2ddb7ffb8fd65836ef0f2d427dc0090541430b24 0.04
0x65C878EA85789029f6BEa171Cb07194207BcC02F 0.01
0xFEc3Fe2D9b2a95837AD92e63a077f45234D9B60C 0.03
0x4dCD1A28DcC4cba72a4A4409C85b864FB0d506B4 0.08
0x370E46b359328c21B785b048c59C0C193b6233e9 0.06
0xa2c27ad49508b4dffb6f996aa1d0d338a5b09254 0.02
0x65e666836734B2E1De7Bb092119c1F163162f6e3 0.02
0x22E0cf6FDBd0A59697B62EfaFb6b5b86B54C1dCa 0.08
0x884f04b54BfAC05B2AC6220a51b40430A2810329 0.06
0xE93F381537ed581D0548cC9D41a5F17144487C26 0.02
0xe2fE5630FCC310a9f5163FD2c5035406D86fCe9D 0.01
0x650710cD903780db15c11d1da3f901BD577507DD 0.04
0xd5f94e9819e4671387f6b2f1dc7c23ce0d2230ac 0.02
0xD0Cd1ECE3c654150E3bD50811385ae8c47425130 0.02
0xe59fe30881042dee80a6d91651189a22885499ee 0.08
0xB3d0fcAaaBf437302DcdddaddF7d200e730527C2 0.03
0xB52113CAb2Fd9eC23aE65ADfb55Ac0B232EAa1d2 0.02
0x05c85682D5907BB9C1eFD33a7FBB406698C107aA 0.02
0xF0f8158cfb4d8424532514Bcf04483FDd01dAc9C 0.01
0xf400e20fac6f9f3875759272ca7caa8ef95a3e8c 0.01
0xa9cc7FEe15e4aF4508C634B328F21C5b0abee77e 0.03
0x662faaf329f936f571ae7524eeff3361a436f300 0.07
0x323F3f230055EB3C117e5D00A0934148df6Ff2d1 0.04
0x0c4bbbc4d834938553ca8124ff944e78ad742043 0.05
0xaC1d15c40CdFC500d3b773265FF8E74f207402A0 0.05
0xB0Da90C32CB468Eb458161248c147932C5A61A2b 0.07
0xB30F5f0Bda9d8D943901C15FF0ed74D630cAF2EE 0.09
0x2E4cD59BF5224bAbBBe2Bb9F57aa4505A4Bd31e5 0.08
0xCD4673E03ecFE19e70c1d286B55895Cc1ca3a8d9 0.04
0x3425172a21015b7F38438ba7B4760e1bEa9b6B5D 0.04
0xc000bF26e5BD9b2320C01c3022b6cEE1ff834558 0.05
0xe72efc2c9B575C6d6D2cfb3740E9A0cf36697b5f 0.07
0x7b624712c4C831a73e32e6285453A3937158c503 0.01
0x80A2b365Df83a2D56848f8A176a0378d56791443 0.08
0x3586dae1ad4bcb03e8c590dc0de6c036fbf0b894 0.04
0xfa36ca9f5aaff2c34b52d333c0c91c47c28da0d8 0.04
0x206B8c89853E8db260a96Eac4F4c701d34fa3eB6 0.08
0x23b2d8f2F5b1B2113c5E5d00BFC0A8644C75ff92 0.06
0x6508b4e8c011Bf6B880d89cc877714e8629c8305 0.06
0xb021615A252163EE18Ad77997b152a662d3a1258 0.09
0x43237F7fCC35aF4BC41d6Ca4678f1401A031F548 0.01
0xA73Bc85805312B7071E336494F3E1D7eDE397245 0.04
0x1D80adE41Fa4306a1E498E1c7259B0404c1a1CE7 0.09
0x709cd4234a40b62a67fae2f64dc1a45c6a63a4bd 0.05
0x7f381E7dbd208d51205c921C9fb6811D3f043a47 0.09
0xc2608D24f5A60c4E6b867F625687C29d6f636b49 0.01
0x9D60d0718081Cc0F12c7b74E469e38D7bbB63C70 0.03
0x8A4B53CC0753067aebd95454766000BF26B59009 0.09
0xc367e8Ee05b0543124F70c13A6789751D8AeCa64 0.04
0xC071886Dc52cd362b83A168639273bA3695E6d5e 0.03
0xDDca4f8c3aE03D6499db5028D4D731612c01A55D 0.05
0xcee91072fa645b7b74afa3ae8c6c350abf2b4a8c 0.07
0xED940fB98F5B35b0e8007A69E3bbC6959Fe4cfA3 0.05
0x3034670e781069563eC2aa5D9822DBcEF5b13019 0.06
0x1A00D2Bf9995dAa102643Fec14Af315b5220bB54 0.06
0xaDD4f887Acda430321bB2df23c14E73c51393514 0.02
0x0D7F1f995BC42EC1ac55394A25062700118bEa56 0.04
0xD8c1093628d88261f1C7373aD4870753223584A2 0.07
0x0d4cc06f613bc18e298b5b7b1326094e1fad583e 0.03
0x84FC26f7769D90da49F62f670dd6080f4020a1E1 0.04
0xf808d3A8f61f378F723040e17db103F508eB7b41 0.02
0xF74C6aeceAf248Ad9B77f29fb973609a9531B77F 0.07
0x45476fb05f9ded8ca264c188ae8ba9f4c944fae1 0.08
0x3d9b833ed476c94c42ee814560c45713d6b25296 0.05
0xEFa969090F2ad89e1D3Fdd68BD0b6f7C21A052c2 0.04
0x4ee3BF880F04768f9b828D435aDfC14b32Bc439d 0.09
0xC6359334eb5568F3B8af80e8415a2B7121987885 0.05
0xb6c609EB4C02d6FB50147b23E1e921c4c8F45DDb 0.04
0x7e45304B72C88f0A8ee5c98aD828C2cc0F9a972F 0.04
0x24ceb8a904798318fd6f57bcb6aaa08f053e4783 0.02
0x4a0ab941ce3060a2a2dca51e4c80a80d92e99207 0.01
0x7EE725632B2a46752A3d1Ad17bE898a9c46c8D55 0.07
0xcEf51b2e9fE786a98A82dd66fF57FA9afe0aae87 0.04
0x4562FEC882b9B6E7F0471A3623AC210Bec0E4e01 0.01
0x5432ACDDaf2985f4512e389963b015E883F51256 0.05
0x81d2592Af6ed514d2E6810fd1E3E35367EA11611 0.05
0xcfc80733e07b224958d63f0207b66096ca818997 0.09
0xa1356A9C78DB72ec27173CD815C9a3ccB00de904 0.01
0x8575A391D67cF6654f1130F135B9BDF1a1e82948 0.05
0x33C0d982236D2d32E8a35A0C8530D57E459ec8ec 0.01
0x78f31313cB92C16e5874740D50d0eA95ed9F11Fc 0.06
0x58b4a5193bf273fb25308c1e0c162f6bc1224260 0.05
0xd9e895d2f515e9f846caB8855497edEb347c119F 0.05
0xf757B0d5E2Ca3a38b0172613f5B7B0A4D9C0239E 0.01
0x667D5D3FaC36B62fe47f70710db5CF18d6fe7D91 0.03
0x563c536c6c8ecbe73ccaca8a723421acd6d16c18 0.09
0xb3d6d8F2135daBE2399Cd8Bc85DcB26Bb6788804 0.04
0x864bFD48a6EB761532738B771BCEEe6F58731DBe 0.08
0xAE833ad7A23378d5f8774094EeC53Df1cdD715CA 0.07
0xcc6b3db7e77fa8a74a514029b1c8ffd1ed28eb78 0.06
0x2cbf2B76119Fbad3d14d431fE3F3825D04fC9f9d 0.08
0xbb5dc6e52b05c702fbd57ce58b625b9077a154b0 0.09
0x671a1d15b7e4d48234902a86be7cbda38ce16065 0.01
0xe84AAd31880eCf65fd60173f0f478FD52a80Fc88 0.06
0xa509C2dd99D5C458Fe300a3d40BB0e69b1f2556F 0.08
0xE40414752f5D3660Be50f8c3EBCcF718D803aBb5 0.08
0x16bB1FAd1F6D379d1E1C00E375759EeF27a7827f 0.02
0x1CaF8b20c68806dD3EC6d1A88D1307DbD997Ca3E 0.09
0x6aA0f59c36aeDaaa5E5E3d475eA9F96673827F08 0.01
0x6F6920BB30dB128E69360e5F7B4DadB4A4736743 0.02
0xB3eafB9F40b8E568B998324dCDFc73B5EABb39b7 0.05
0x8c0CfF91bd680c5997bc6D615A6aa5daDAb2a58E 0.04
0x97b3334f6Af9C9377cEAcEe49992140c6f7C2435 0.07
0x9ba333Dcd643f9B95C8F5B7029bf13a5A26e59A9 0.08
0x316d4740f251d70cF2E97A5634ED9F73D121e221 0.06
0x19DF02bB56c66DeB97486592e780B549652E46C5 0.06
0x1cd25c31bf0fe37c078f942a965b257da3d3d9fd 0.07
0x66f6afa2bfe631294b19070d384f97e183f3748f 0.01
0x8eb7ea35F40bCB216FC1D7272e8FB3253526811c 0.09
0x5858058C13917fB704Cd20FaA1dE6C3a2dcF8893 0.03
0x051a2dc231dae0ee295b847cac60c3ff6e1ddbd8 0.01
0x3323Fa0c4d737325580c40736e285E1De3E362B7 0.02
0x316a9fb909655c995ec27ad878289f13b47556aa 0.02
0xab4c4a44e833b2455467a9898f999ed45fd7e269 0.06
0x73B23e7F1cFA2Ba6b33f1CD1aE9A61D7F560FE82 0.06
0x9B649c302E880Fd4DC3d0e1c994Cd69861f368a3 0.01
0x248d2Fb4804Ca496B126a7BD97B0895c7a8d462B 0.03
0xBFa7d86B5A97f4Ce79a46f8A877B670cA50b47d7 0.08
0xc7689c21bd5b2f634d77363e5a11c340e56f877f 0.05
0xC147fe65918De6A1432C3A0b3effd1e775181560 0.01
0xaC88907fFe4FbdEc8b86e4d4645b9e7452fB1166 0.06
0x12A465777234b2573f8BE19D58D61EDF8d10b4fF 0.02
0xae8179541879A4C4f573a142A475884f763Dbe28 0.07
0x7235D9faE1BA594462EdED8bFBd5808BB98622D7 0.09
0xa5395b4b96036821762AD32C3DB130448382718C 0.09
0x30760a814f4AF49DCda413D4dE31BBd7816495AE 0.04
0x795bda5534016950d815b7b9caab95ea7273c89d 0.06
0x05c764c26530e56981ac93d84e6c2357fd3f3961 0.05
0x5074CD34206795D541797589D038599689aeb8B3 0.03
0xEec95F52E1E85941eFE83F2fF3BEd8a9b65F4724 0.01
0x36C1bF7Eb2d646C9FcF428F351ac4045f1d1201d 0.08
0xf14E81D94Ec1223472117Ddb245016fB3eF33B4a 0.08
0x8e2e912B3C53d3fEb759b0ad2e88521E76971ecd 0.02
0x89d55e969b87edbd4c3f98751c24fedb74965f76 0.01
0x9d5c37EC37f204557B911a18437ba027Fd34c637 0.08
0x9b67271e1b088a9af7f210e1e8e4d2cd914871fd 0.08
0x6F170Da1568E4a2098212927551D61bA49F87D83 0.04
0x3a70107a47b02EDBc2d5a74BC06d7979EFB3CBEa 0.07
0xbCC09cAA2dfe3b462cE7AE8D57dD260163BB28c6 0.03
0xA59Ac3bdA6D41F07f6a9A07C3662B750366c698c 0.07
0xf0291Ea211a2Ae28018F23cfB15CD2F07E042725 0.04
0xfca1D58C1510D90e11ECB02a7872bCe455011f4c 0.07
0x0ABAb2E80e2E923BFC5C0165C21c3dB91f66a60A 0.02
0x41ee6e737c6581f0937edd7af99e44bd27cb455c 0.03
0xd5d059fa0a04f2c91586e0f52db2d064591c3dec 0.03
0x12b63Bd427F83c15D8AD19dD2A7232D35B544dDa 0.05
0x4f142efd006205510bcad67957f520a64cc6db4a 0.08
0x377aB06cB4C15a86E227C8923e356fbCd5C82751 0.02
0xD7A5681b0991d8fCFA84bD006D3110BA87a45471 0.02
0x4377529AFFD475719f71A7cFF43b1b096F6a6900 0.02
0x089595e1eA8eb8A2F1fB9999f58b011Cf9B9E349 0.07
0x9d05cf1546621f5785b0228db3d976df92a38491 0.01
0x8d8ba2dd0293215427890fe5c813fb381b3dc9e6 0.02
0xC6853c88CCEEB182e9C10da7A195d6c207D9f406 0.09
0xE19ff25EE61782166Fb5dF7F0525f179c9d577E2 0.05
0x2d4273Ab0a25Da52Ad343c8e1f19A5BbC7D31109 0.09
0xa7336e95da119fcefeaa5786dc9179ec5c15a0a1 0.01
0x88f8c8b0a343004a9d019e61719b205a36efdc24 0.01
0x0fd911155c1226b4a0775875Fab57F311A26BEDD 0.01
0xE7a922281f09A409D64b9D4c5A46Feb1B09Bc458 0.04
0x5c92528a22501f8B2F696cA23Ed0a0b4E5da0Ed8 0.09
0xD714ceEB62aeb4E50b663aBE1991A6D2e781435e 0.05
0x4a63A8b2121E1bB19b66D93Ab3De91e3CB4eDD66 0.01
0x9CD33E2ABf87439bBCaD2376eC2F6C60A8b5dE81 0.09
0xd263edc7e944350049b8962ba929868aced599a6 0.04
0x6a56fcBFF1209bA09623179A34E467AD03C8f290 0.03
0x1f49c1622206e409C6F84a449cb634a689D82B9C 0.04
0x6D8a91D95473c847FA05fcE5D70e2fF2f8D0af61 0.08
0x68895e344C691E5Cae14B2B82545239BA0546849 0.07
0x75dE420C1A14F0Ffe4911fFAeD1baCB13FD21Aa1 0.01
0x83963090be8d257a9b7c24301006319caf3c89f7 0.04
0x171d5F9cec938b881114941c3a9Df5735E65990b 0.08
0xf834772c93839a112e43e8dba8d217eff3479b49 0.08
0x5B39728D47cB0f53C78aca458E1582BebF8f8CBE 0.08
0xd4007459760fa7c3ab0b064cb3d632baf1d80102 0.04
0xCf520c629dcc99657bd0C8a0D026EA4542777b1c 0.06
0x57a53ac48418c55c8daf8fd000d0c6c9232b32c3 0.07
0xafB8bDfCA7bea92317Da2496e8Ea1Fa13A77fcF0 0.02
0x23E9961a1e70eb65Feb99DA641f64AF220051e74 0.09
0xbf3625c869579e6268287c6c38177a687a136869 0.04
0xaE9fe253ba3A5B6a416E478e0cEE7c4416d0c963 0.05
0x9bfb233b5fa8bbd10f840f732b16657bc5c71056 0.04
0x0de828a581C30533404Ac810fC2c153129c697BC 0.08
0x8FD9732BF76b52fFE02EC10754B3e0d42d5C7c7D 0.04
0x91e2010CcF57A86886f7DD622Cf25dE62c0BE052 0.04
0xd70049F43c6c3a8419Aa18754767d4B3930536ff 0.02
0x258591c51eb247371ebcc3a8743fff4f60c1bd6a 0.06
0x292739891A40EaaaFC09515283B5398400a9d578 0.03
0xf6404BfA76BC1556fD3c038A98C28512a15c2b07 0.07
0xf0CbaCA24F993cf7635304E56E940cFed1078521 0.02
0x43205E11b215e3a8BE8C392bE491b217155DE9a4 0.03
0xDe7470925A83dD1B3016E495e70A67134b43E7e1 0.05
0x1b9D494B2c801e2dBD1442b20da69Ea4C9019B4a 0.04
0x1E4F9D54865906EDFd40880ABBda8555882B32C8 0.04
0xC7940c353B3597a37ee6834Eb19b8E7A4756688A 0.08
0x42bdd1B2fe778F2dE049d2f58156Ecca320d802d 0.02
0x2fde4b643af3465e7c1a168dff582aa60b8c90ef 0.09
0x012085d0a981719D6FACC1eae96A90218eB4F70e 0.06
0x7A1BB12d0b44e547C09668C5a5746ced9E18ca64 0.06
0xEeCFfb9Ee5B6B6Cf46E470b4591079314Dd61B41 0.09
0x571ecEBb7bFc317916c13E9e39594dA7aE17721c 0.02
0xd7cB55c0fe4Dfacc0fa43fC921e31A445aC490fa 0.02
0x78fF56eeD2227f546120Ea5448486815b2288980 0.07
0x686f628a21b67cdf67414a3d556b89aa6f6d7e85 0.08
0x5CEA1ffC9Ecda76Cc475131529fb74c95724AF48 0.09
0xf40565d12f6005a24cbcbbd0ae4a6af21ca979df 0.04
0x0C0A85994ECE128ee14C2D3D9e43FDcC4F2B3eB2 0.04
0x3509a87ecbE5A759FA8712aFAD74983e649Ee5A8 0.06
0xA4B9c1aF535ca688Ef9Ca3B25d75c2B2DCf4cAF4 0.06
0x99f16609CBA2594e7332F1E26b8dF3f23bdE6545 0.04
0x3FDDf24D8673b50A64c7b33BedDb13b7619A8938 0.02
0xdad68145dc4127950aea15d52180c4e81a574bbc 0.08
0x7452Abf81Da1490484F0B5a1C74DdcCbb7Ac1B10 0.07
0xA18298412574E6688681eD0aDf94d4Bcd1069bBb 0.05
0xde0cF31ccD2D70EBA3c9508Fb99d51eD93873B60 0.07
0x4be1ce8f92c82b40e77e21bebe111927290adcdd 0.05
0x887c65717b516F79901C7463bc3c5A1E56a87EA7 0.09
0x81Dad2A2d5C1C3CD8D7c58f8e3a610b97e2aC077 0.09
0x2881D3FC8DC8ce0Eb348827Cc77Fb484102230a3 0.05
0xbe86A0e94DcB024377A368e1997fcABF96639C84 0.04
0xf0c29355d8f0f5e625b0f36df6c0628d85aabcf7 0.02
0xc62c2ce687ae925bed008f252fd0305d6479b04d 0.01
0x88493e3a1109d94d4b58dd338d85890941800274 0.05
0x119ba17930D6951c40944cc75BF465Ab4F8Da791 0.01
0xedfd7f9336e2e044562e5833a453dff4f42291eb 0.06
0x27cD8c2bE5B3e36EDa320BF5b7cCAcdD1b639c49 0.03
0x9F70aC205Eac1FB107B92254420B73a6E04175EC 0.05
0x95507C5eF671486CA7a1e35e2F4074F2B625eC70 0.03
0x8EAa3bF9121D74075E988Aded5287Cb4B8419b09 0.02
0xFC7d82F03D32b3A309f48151C836Fb2dcd955B49 0.03
0xb47690b29c46bc2fdf68cb78234f8ce8167127cd 0.02
0x562D00b71104bc1009581E177dfB5837D85B5c33 0.01
0x3b8ff0778264451b67020fc503e7d5038e1f0683 0.07
0x8c40be1f2d163470c2365CCcA1F8fFdb2608D0b1 0.09
0xf5b450ed39f82fd2b891d49044a9d1c91ddb0238 0.04
0xe5721F83E09CA69C24F381942F51DF8283b6F958 0.02
0x5e7c2FDd8Da795Ec08480c167014144C244d8c2E 0.07
0x7Fbc01A885b8CebB0c24F9D89dad7c2181361BdD 0.07
0x7C5Cf75068f852f82351a364f8B7834EE5b98780 0.08
0x609DB205239EbC6c76F72C92d7981AB42e579319 0.03
0x90d59b81fca87ae7a983a174664ecea5383f20ad 0.06
0x5192bC5FD2941b5156378EA5BA9cB05D625062A5 0.09
0xab022214b9710910e57a3cc360c396c299a86e3c 0.01
0x217f42Cc9F9B17b57de43532e4F6dC0FAc6aaA7f 0.01
0x58f74B2a8Cc8842DB17FAFA71C2F817BF2a222db 0.08
0x53195d32C6372665ED411B6cc52F27b53C237d79 0.08
0x60C55fA9b84F33D80195075c501c8F270abb48A9 0.03
0xF63f6f609705BC4F6fE85e16f30D2C57Df73cD93 0.06
0x5127D65382bebb8E001C03d60de0a40B8792cC63 0.02
0xa4AD431844805F4eC163F5D1A7f7fedb48a2718A 0.08
0x14a9f2c036094a9DC42639876FaA2Dc9f8158C92 0.08
0x5FBe5A2bebAB5132007F96dDb3FbEc886e16cdB1 0.01
0x015d5acec208be8fe32671ecfd6b1aee3fec0ccc 0.09
0x7b5fa3e9196c86ab88cce66f637d933605e74ae8 0.09
0x34caD8074d0FAf4d73FB1Ed17885B16EA909067A 0.09
0x81F09dEEf767c1A076FD566051CF787963579F86 0.02
0x8FeF3030Fc776093ae0c545Be364BfF45558a2E8 0.05
0xAab997BB7f162f64866Cbaa25FCA9e18526BbA5c 0.08
0x721fE8C51d07AdCdF635eE5E7E33A2601a8080A8 0.03
0xA85f80faaC1bD2594Bf0B9E44DaF4DC0b9cbe44F 0.05
0x03e4D79705B32cd599adB8b26D110e5638bCb0b2 0.09
0x8A7DbcD8C20C4ab8C2eA3930796c4c2a12B0CA71 0.02
0x4D25248B4662AFdeE257C2EA9cc42Eda5C851658 0.03
0x3128e3f27654b0bb90beee0e32a2c2f62fc00e10 0.01
0x67e85d50e45b3d44ec529be73940090bdc5192dc 0.05
0xE8CdE9a78bF1000a1255F6937fB46697938eB9be 0.02
0xaef3d2F5673d80266186f7885341dF3934806EfD 0.06
0x4ec7adbb43fb1574a3131f977976be5a4e0ae275 0.09
0x7d989C738C8e0E15330Bf6B2f08663F196844213 0.02
0x8B1AD61dF977123b51Fb6C42b53FcaF160aEa48c 0.04
0xfe2b2b659d16ba72f778c0bc21a00c0de165eeab 0.01
0xd7064C92B2D126D39F47e8a4a6D20ba4d4b8e785 0.04
0xd24463d14df58f4567ddce5bd5da5932be34910e 0.04
0x7CB93E135c3A4Beb9852bAACA755e3f008F668Dc 0.01
0x36aDd0881182D81F05d88Ab32916af27eb5Ea4Fd 0.04
0x86a19C79324d443f1fbB500eA9C8c0Ca42e3bc36 0.07
0x720393c9104417309c66b20Af337096B0a90Ff1c 0.03
0x282Db1ad2786CBE8309082037f8A2732842e19D5 0.09
0x3EB8eEEf12e11bEfD81c6F103241AbA3D663D8B7 0.09
0xDb48193A73D0cAa6b60cDE915dCFce7eF926b0dd 0.03
0x747f81ce52a461bb0efec299d4caed224c726c6c 0.09
0xd901e0D78e2356927cF551FeB8CFbCf1A361AFc2 0.03
0x1d61fAdC8012AD1084fE515AFbf1f83539726231 0.08
0xbe7169ab20f9c0f6d38804760e2de405f49c446b 0.04
0x03f1E3a06348Af09F32Eae39eC0663B025c87EC7 0.03
0x8026390993D798aE4E696D8920aC965911DA9F6D 0.06
0x97941a13f75a161a7ff1777e29d8ff44d9afd694 0.03
0xDEF1faBE6852cE7aF816c6aBeAb349D0B3FbA483 0.06
0x4a0285da5520c27d03b0c87d0756b99c0ba5490d 0.05
0x56Eb43eE0bc851A842b20e71717Ccaee4E57237B 0.02
0xf0c202DF2f61113aCb6d7116f075ec210602b537 0.02
0x4b08528E879b0201d516871f9eFe69F024ebd67D 0.03
0x25Bd59695Ca49EdF9164f5f4442d8aA90B8692D5 0.01
0x81b46127aa3e8c44a5ef9de6c7c434947a4cd676 0.07
0x9e980f6401E4B685b93e035fe1acB62E1BD0588A 0.06
0x32aa4c028E6A84DdB49F8dF266aaDc6648a3439c 0.04
0x8ec9e03df01151CFA68EE38Da6a3E094CF06FA9E 0.02
0x0a7091085a57841d54035293e646c1e123fd2e51 0.04
0xdD8e09A24Bf0aE39d0e5A6Be7a2927B531d58aD7 0.03
0x070c208d33C008cD6f3A95588D8E2511bE9784FC 0.05
0x64225Af18E6c34845fa0CaA8245DB352B91745C0 0.01
0x2BC31f9181dCea8283452F310d41B3eA31F559B3 0.01
0xc289B3BA28ceb5c6f585C1bD460f40c185b1e07A 0.06
0x4BB45300837bEc41D1ADD5A1f9748741e7Ca9d72 0.04
0x3bEAA5F2AF75E9505bd25fc88fB415aeBaf17a2A 0.02
0x453Bb76705D4Eb299356857485a51a5bc018f00E 0.06
0x5DB4fAcfA112540d3F6708bDa8Cd6C15ACe6911B 0.02
0x9796B38658Ae5E67b8DF25f2C4d940eBFe7eb59A 0.04
0xf8c3a0c7892d6f674ddc060c0b4ec4b916b27700 0.09
0xD317afCA71310B1cd2035068b7921db135ccF503 0.05
0xbd4ca52545c8c9cc560ba4ffcc58d1a266f1fdd2 0.05
0x3b7Efa4aF2A0d145448089d96B829520FDfB491d 0.08
0x103d1fe6c04ba68a987927a72b4101e1d948ded0 0.01
0x5d9de190c3b429f0bf9373cdd49f56eedc05b883 0.07
0xCB7D582B68BEAC82F9a5532F90a758737143dD6d 0.09
0x46Aa7DE676e716e170772f51c488BDADEdCF297F 0.01
0x5B1E0812d579d1eCAE9E25E094d099e3696ACF1B 0.06
0x786f52f9EEb9fDDAb2Ae9b08A8025f604b1b5700 0.03
0xea87b3458ff5a7e21982701e465b6e1679e24424 0.07
0x525f10C53a904c23701D1aC6242378Ed90Eff738 0.04
0x30E062aDFe70e193956b3aB9161eaA1Ba9816b2d 0.09
0xAB9bF9E72a618e87C5d4E08e4d93A197f308037a 0.06
0xF06603fc1d0fEb84E16a9C4A5366f0e063d128F2 0.04
0x4dee1c515b76a6ac6c98948cc27b85de868e719e 0.07
0xcddcc11a8f89f409fadd7e33038b928f70a02d45 0.09
0x1b5a088eE8eb1250220Af314967b1F9DB0507583 0.05
0x563520Bbe1b954f33f7Fa4f83A6373E98f32Cb9b 0.09
0x0511B5E3BA95bD00b48166E18832f332C28AD94E 0.05
0x16CA60B01447ABF814f77527a8aFFE17C6D6eE31 0.07
0x69f86228c35bf071b566ff80cecd496589c9bd8b 0.02
0x79bac53e2a48fbc2c188e6d49dbeaf2538678d83 0.04
0x77c8c08383ec5296782FE08e9225D7239Fd39FA4 0.04
0x275f2596045FfB0c7c194550bb7016244B863de5 0.07
0xd2600b7c221c3BD08F86f4eDAbF5A6849553A28c 0.02
0x62FACE6ab549225EF5C7E33C3A9d4b02c98cD0C3 0.08
0x322fe07767133ff98cb3add440d9cf7e580ed17d 0.08
0x204Be5368d384dDbd138Ad53766A645bD9186d65 0.06
0x5FFAB9cd5adF522BE8280f0c30947597f6E27414 0.06
0x79Ec6CAD5619BB0BBc2046147b460C09E5379257 0.01
0x17b6a4C7012A747d1123806CFb223942D82e58e9 0.07
0x35230769E04B72154c95B7B83c1d9b2E7522D276 0.04
0x0bF1f79f7AAC09B841d53b08DBDb0B7B4f693257 0.03
0x54475Dd76D3C1DD02c177b7BE8Fb981BE88C8885 0.01
0x44775a9c4426809271632ac56a5d8ea6cf73555b 0.07
0x5CA094b013AdB6579ff602c3AB84A54606D267cB 0.03
0xc705db1be5259242f7f64c06286c43541e2446a0 0.04
0x493DA013CB14eA684D8A5e26bDEE5B792ebc5953 0.09
0x18533F7158C613e8cC5520e88c06761C6489Da05 0.03
0xAE2415eE8f279ba896d9bee185EA982D5F723F99 0.02
0x464b08e0Dad897BBB951ABcE14A1Da6Dc99a9c9e 0.06
0x0ce784acdf7f855785d726d73995097dce1f17df 0.04
0x62fd1Db7f6202D8b0D87C9ae4eB9FDE9c52e2c12 0.05
0x2ce0405edbf4fae1b48b3202de595b96a15961ba 0.08
0x2CF819c2fD3b9Fca6D517d428116C2cEd36e7887 0.04
0x4ff10834fBD7C45cA203f9C3D42271C541Bb272B 0.04
0x5711203Df30F92925398ecBA15F86F5fE147Ea2a 0.05
0x502911091ED81671D35B54C5065217743E871d99 0.03
0xcC451E4AbcF2AF34eaEa7040e4B8A96725a42f93 0.02
0xFdBBC78D34C1eA4176432D18A6dA3A9f9d913B63 0.04
0x6bB79f610C793c5D5E163ab928A2D0D6519D5c2e 0.03
0x25f6e7deeA02ADDFd7B88B1cEec1bA870f032dD7 0.07
0xeb3C3214faDbe16D3aAa9911D6341fBF02501921 0.04
0x4a8221ea3170e8882f6c530e12b6c8a0970f2c73 0.03
0xb92fcf62a33727b5302a1c30624789d0b2a328fa 0.04
0xA15cBBdA2a0746368a6f0EEf5c5cc24e377b593C 0.09
0x03C197465501EB0d72558Cc2Fead97d26a10C561 0.05
0xf226992BbDE4871B93C9d517c9b546497A0df8fd 0.01
0xc9De38011c1A3b620Ac754fb9F87224e8a7673dA 0.05
0xe4ee873f570efb3ed536b9c184ebb3a91de38798 0.03
0xD2c5319db3E20b24676c48E6bf03344609942077 0.04
0xA978F8B899D8460e171E730822155a2214Da5C86 0.01
0x74D130353c039384fD4a24144bF28ac373A849cc 0.05
0x290eEd731539747A705509a284F9E059f33B3861 0.06
0xC3b02BB96C5ba1F018766e8cC9fa379A0E17A88a 0.09
0xf00494698D29d0A99861c02beEdf6E1fac161cd7 0.06
0xDB474038e08D6D76624647a7B5887Da48632A0EE 0.03
0xb11fe9d0739dddc144b596d1e7864e171b2cab09 0.03
0x951f94776955f4792eb0A08Bdf23C20805327abB 0.08
0x13e023d5d5585f5de838ce450b9ecd2608c44213 0.04
0xa164eF13f9B336CE1DA4e0ae1D62Bab509356C88 0.09
0x70077ed6c726cb98296c1e17d57e89a0295ee956 0.09
0x22985eAEf63939B9f120Ff600D198CAd8F27d6C3 0.09
0x41a10506c97F1a142a44110d75921B4cdDd9F59C 0.05
0xA261214B53EA35DC12845Ce39A0E14e9c2444024 0.08
0x36912978d744191386278f3c211fea7c8c85a8a2 0.03
0x1e0C0737a7F2616a45117ac3974192050B8FA4D5 0.07
0xc16d40e7c91eab1cf90c9fd42bf53b88bc4e78b9 0.04
0x2642424A070C1c7cC253B4940158Ac5Cb7f4da65 0.03
0x4E0E3066a5F0C728a31E41Cb2A4b43998e877D87 0.08
0xfe701ac6d6c5f89d50960ff71c3854f7da3321ee 0.06
0xc772262d4e89794A8F239078DC81E7BEbC557Ed6 0.09
0x9aE3F433945DB8BdF915B56B2021F80e75D3Fa3E 0.01
0x0095bbb1dd0e526c550fc4b9eb746b563ea6b7a3 0.08
0x68AC0107537871787f8E130f298AEac008852CCd 0.08
0x83e7954ed60E8687024b7981bBcC3e62646f4aff 0.09
0xa872cc9a9a3a067f68e9a18db89d75dc88b727e8 0.09
0x9f9D52C740CFCD42C7f8Ea03D6B12cC2aFa99499 0.03
0x41A7Bb22F82B9D88f90345ac55d5dBB02DbeB1B2 0.08
0x2bE0CbDa2f049A32c3E7f14Bc6fdcb34dB9b3066 0.01
0x638F116E85Bf758D55779457bAF7433D66C226fF 0.01
0xa413b0230bf5ecb46606aeacd76ca4463a676c4e 0.06
0x649E24B5dcdb622D6e454620c19842daaF3d6148 0.01
0x752769b0F08fc3a294C264ceEcC780744EF8Df2B 0.05
0xb34BbcF528168036a78DB9866Ff078D7D00CbDc6 0.02
0x808A8D7B07e34c49eE253Bb225e3325F36666146 0.04
0x5189338bed21D69d1fDEdEF36140e2912Ea73e10 0.03
0x2f8512845ee992f3688ae8277ae4ef3e40e586c1 0.08
0x9d7773183E81AEA0bAa50b6a6eE4fc356F18C77A 0.06
0xc69608e60734fbcbae66e3f65fa6e192c829217c 0.04
0x9D772ed3474808CD352ac8Ea1a08cfbC27003Df4 0.01
0xfc4302cc7208A9734AF5FE6E3dA912B0cA1E084b 0.09
0xf832e9a9645048b65557c65439590d4c5d09d99f 0.01
0xfbaede5c720de54bff279d4aaf0a2830ad69249d 0.02
0xbcCAB5a71E8BDC5005A493506092A07B3eF745fe 0.02
0x4D13E517389bA44C3f42B0F223487C1255662eCF 0.05
0x1d442D920eb3092881a47a522D978DE8a4DdAA3D 0.01
0xF10ECEa581Fb7Ae8aA891001d3ff6B67b778F7FA 0.08
0x3Ff670FDd2F1036599a44248077C92Ea613FB77b 0.02
0xda48fAd9C80BF9d487F7aC164A2cb05e7fd1F585 0.07
0x3801d24f742b153ac6bb7661880fe72cd9b0b26a 0.03
0x87f278a24b067ad46304ba7a21dbcc4a7db2aa20 0.07
0x085821F85086c1223708D87Ef6ceF11d72D61D3F 0.02
0x3FaCC5f03Cfd83DF547D9460C3E8A95895aca2f7 0.02
0xdcb121c052142152c69bd2b89968fc7b1309701f 0.02
0x98f1AE37Ce5971289ca3B80374D66421B79fa68c 0.04
0x692D893E5C19478556C1608fAB00629fF3683E41 0.06
0xf86a836254226a6A4Dfd39AFcF56b1cA29e3BB9A 0.02
0x9Dd0F5b0e040c903c358aCB3fA9afe7D96478267 0.08
0x99362dDC0395b2a9a6C5c6d7C0c62157DEf8CA20 0.04
0xcB65Daf8BA9536C466dE01Ca2d263D45BF41F399 0.05
0x27f3949B3478b08C7Fb839f08626219F2aD96828 0.03
0x79E41e65f9cE01a314C320b2FFAAcf8a7c902B65 0.04
0x9cd3ba1f3f27d4f2e1b7aa269aadf6d839f97bff 0.05
0x1bb882e7eb126d1320fd703a3ff447075c85c55d 0.07
0xCA77C702E0173C8e2EECfBb4111f6a67FD310f08 0.02
0x50124535a246e06ef62f588d37fb2899a4105ca7 0.03
0xcad371bed1ec25059f71c7cba279d4fe6d9f83b2 0.05
0x03D3986a0B6c1bEb00B0Bad780091083aAD157Db 0.03
0xBA3b84b7030c5673097f13C46A21e521a3f0cE41 0.08
0x137E2A2827038E45D8B46605B58cD9ce474Cc908 0.08
0xe7d9d4d0d6a8cefc9e12f9bfdedf3fc8875c827a 0.05
0x024e5eaecc71a9d71cbcea1183e996486b71f431 0.03
0x4c2AFA1F95cDaf67546e44742d740Fd5Cc4D4f1B 0.03
0x71D539F917d91871898558Fee78c45F48Bd995e4 0.05
0xb7e44C6324CE248e697781C88F9da2e76CADE04c 0.06
0x994bee680bd2ae7dcee0dc07efc9af30c9b10ef4 0.05
0x1bb0c7c7E548b76ee08D60aaE761156A24869523 0.04
0x39F8c322343Fe8cF2Ea6528497bc58B58703d243 0.01
0x6b0371bb54953b266c78375c7c62d56996C55333 0.04
0x442d720ac8d70535c48362701e4e9759b146d28a 0.03
0x195C10ba9E99d9ed323E883a3ef6Ffab70C5382b 0.06
0xD4e1fe33159CdFbAe570880bf32FB4d080427Df6 0.01
0xBD9A37B9C1C5af41B358eE823C5c56757cb5D199 0.07
0xfd0a90259f8da87da858cbd77e17a492531541fb 0.09
0x6551490A18A0909B483D990b6B31c60ddA20A889 0.01
0x1c7e9cb3744f684208c4681461a5377f129e3cc7 0.09
0x7659D318b42FD5b68493D4D42dcD5665147B7AF6 0.05
0x75A47aFA69e67c5b4F8908a2Bb4F92FB03D68058 0.03
0x7802802ff399b3D0B1c7CB134e7C206Bed0F8df6 0.05
0x27419980c8603B0e257408845F35d24CC78e397e 0.02
0x205a6b6F3ac4D605ced578cA09953aB000486caE 0.07
0x3b64dbea24c2ff37d164ae3b42445c6f9287a459 0.09
0x2264e23931cAb61dE9DCa11de8Be68efCDe0CeD4 0.02
0x7d11817d42A96344feA89aE624f11a26f967b59f 0.06
0x51134C3F28ef4A6834516bA88a5aB620f0eBaf8D 0.05
0x2da3B8b30814b63CB791ada320568623fECb51B6 0.07
0x5998f62e8f89a574fdd1cabdbe6e3f754545fb31 0.03
0x4c514b386ffd4663ed40ea834fed566e34899d4a 0.08
0x9f25f2275db4f47d90348d7a90b55068dd466bee 0.05
0x9E1C57aaCc0fb9685B2C1dAa41468d2b13197E85 0.05
0xFc61788fEa46659c73fD451619f946a3101E2F67 0.05
0x4bdf8feBE9Aad7a39880A080f63696ea041707c2 0.06
0x5f556C22ea38de90163c6F5A15A0E0b6212631f8 0.05
0xa32b8c0031553F10cbb2e42B1C209A064df70CD2 0.08
0x8e50d2F78Ec5692470FBaF68edB58678a481fbeD 0.09
0xE8057eA4dCb9c1F8d55E3CC567D03f84d78Df6C9 0.02
0x728AAd21751dC76d53A9905e092e61D7110b595C 0.03
0xf2B0324D9975c12D31c3cF4F6508af1FF4E10de5 0.02
0x02044C7860f57118d54c883C478D6d0E83de20d0 0.02
0xc2fbf06ab7f56d8baa5436456f6823c66e1491f4 0.09
0x8c9dc4f2bda5bb6443714eeb6e5ed33bbdc57948 0.03
0x080890DDDB96547A3d4FCF7E714f5fE56C848Ab5 0.09
0x97059C3cc7Fa8Bc2832E251D6c828b216B53Ad92 0.04
0xaEda013320Bbc9cF048A71715D586AEe5785fEFB 0.02
0xdfBBc93b391eE0bF6f6Af47d5AFBC9c816A0c715 0.08
0x56Bc836CFC55C1A1B9194aE504c614a7388E5A50 0.08
0xd1a245ee062a6e941d56ab9fe1d2e302d9947b84 0.06
0x04150FA60F096d68a734d6af9Ca94929BDFa74bA 0.07
0xadfcd32c1495330855b71806f091fba4b5ba9b02 0.05
0x983771Bfcc38E9A99001e6cb483a3EE9ACeC565e 0.02
0xFCF039883ED361C8e184019a63149acA3448677D 0.06
0xcFB0f2CE99ef759dD8015579fd09C7c71dDC3466 0.06
0xFBfF5f0A00B3C84B5c1e451605A0a2c0A5aF21C9 0.06
0x99812994bfc53b407ae749a2c9f5085dbb76fb37 0.08
0xf264a99F5D940AC5217314b82f1d04D44FC5726A 0.04
0xE425E40Fe4D4E676720C1d7341436852E52ae03b 0.08
0xa5867343f8AF9e049a85fD61A8424D5E3C80d9A2 0.02
0xcde9D34C8c1B8A5Ac9193F87d4D28400daE808B7 0.04
0x4A0bb351374af555d16c820d714b88A90D058567 0.01
0x76B860119f55090c67a4dA265331EA45332415c1 0.03
0x5060E1f4BaBBe6A5784e20d5234EE718D82501F5 0.04
0x046cd92c1a46ffff6e4e44a8c6b8aa850ceec75c 0.09
0xA408B1B32e21001a96fD64b9ab4e6c8Fe073e6D7 0.09
0x988de089987eb8c01a053c70c8c0e8a17b86696b 0.01
0xF6818B9831460cEE516F10699CCB67F1A1eBFF63 0.04
0x0B7de9A4f22dE8C1348b64E24B8fC8C32CD4935F 0.01
0xBcd073e2b2cA18028BEda209b31744Eb2dF0f5Ea 0.05
0x76c0F42281632EEE486C3e1A3a82cbd97E5D5e44 0.03
0xc9000516FFBcBC29d5614D6dC08b40B396C4B119 0.08
0xB90B989779E4965D3769590D160Fd3b3146a34D0 0.06
0x3257e9bf1f1e62d91fe7fe610ffc607afaa93130 0.09
0xda73f5f7d513b2d7e7cb3cbddfae0ccd4e64e172 0.04
0x29C987c88f62fDa26F8b58De832Cc0e722a65227 0.01
0xCeaFFCCbb8133cE5858818Ed54CA2294e88799ff 0.08
0x9685cc74060228C4Eea492acB9bC164979bdADB9 0.06
0xcd4212b0b318bfbdf0174a005a9b5dd12ac8f3f9 0.06
0x6ef459445bbefe8cfb4e36b3dea429805e33dd2b 0.08
0x1c57E82Cc75C75039412245db6fD221dE3AdfD67 0.08
0x4fC468116c76b2F75E9ef1c98cDBEdC83f6943FE 0.02
0xd8977409f560f83288be115d70baa06993ad3255 0.01
0x7b9B179bb84E40726fdF4fB11DB85e2aD4eb0aF7 0.06
0xFc0df9d64F9040156EFB20722A2A1137CB9938B7 0.03
0xa0b916bc5cb9eed85e45405074cf1c48541b8bf0 0.01
0x80ee234069283bd43707d69494B03700b8dbD6D5 0.07
0x6695a4c2376beb156f629294f9ce5fd50fdc68b0 0.06
0x3d083C3d701a35C65bA8aB3B79c827e36EDC1dfC 0.01
0xa530Ab903BCa586016771de4F2C79B9a690644be 0.06
0xcff4eF198b8617672C40199F25aA803768243E3A 0.08
0x885B926b6701De8b85346b2293Fc2AEa7bF71473 0.08
0x3b15D2a85C4292ADc08f8d167a59d632E6c980dD 0.06
0x7ce41419BFB97e65DB4b3A0Ae4c3307Ab2Df0AEc 0.02
0xCAF57F5fAEdF9175Ab73596cf869dB58009a2aEf 0.01
0xdbdb2d67b8A4b78fD49d7c623De0613BA92A5268 0.07
0x1169240dFd22d0cdAa4A45BD789B78045172ADDE 0.07
0xdadcbfc7a9309e8e45eaab5b5d7acfd1cc24f462 0.03
0x0d012d70d4b3dd5b8b4f7f2c2920429648642a9a 0.07
0xA9DD61a197C9A14EE68B2dC632c8E3b9258ACa09 0.06
0xA79720E8115bc824D5B47aa077a08e80b351799b 0.05
0x24b82F6fBC12D7ce9012Ce356e11241C5Bc46D64 0.06
0xE1Ae5cEf3FF185F79F1a4E316E982EBd50588462 0.06
0x2c8967f8fd3f229d1e7351f680b08efb75f1f232 0.08
0xc5a4289848ca41051a22bf0b32ba81677c0844ab 0.09
0xafad4e03d49b12e5b794774b26a1e8e6ab998184 0.06
0x9eaa4d790ea78e02c4abd2b82de89d7bb824375a 0.07
0xc668f8d0939A830e08f091a2C760fb673f8fBbdb 0.03
0x5d1B11dF4aCe81CC9f369CD91cc5768B1946c9e6 0.04
0x458A12F2417dD60a76A03a9eD9Ac3d586eAee6aB 0.06
0xF3bD289b1589A0b8553E045dfeAa8cBf51a073a3 0.04
0xcf573732F9D91653c7459Bd9C74F7F414dDd72b1 0.02
0x0ae48df18e7ea601a7e82d479f419b89db648b89 0.07
0x6d9Fc8ad966AC46d824887B3AC1D7E936f5E8383 0.06
0xA75B3FA17Fb9dA8294384923bD075c39b636161d 0.07
0x4a86094ab3ed894fa6da2c4542464d621b8e6a57 0.07
0x364835f4fda70d2ead1ae05dcbacd593e8b8a51d 0.02
0x563017fc925b236F336E3244369318463C704A00 0.07
0x13f73e7eDDaA28811f4FCA46EF286D6b7AA736ea 0.07
0x216cf63AD7E3E294e9ad5D2518147C15E693c7e4 0.06
0x44da2d40c7a4ada117d3030384a1a33e2706c393 0.04
0x5eaeb7d472422aae5dd7bd62d1150093baa87801 0.08
0xf44f81dDb7d4e8c0805Cd1e41c10EB97084fcC04 0.01
0x670243c6705e43d25Dd64183dB5feCA49F6c2067 0.07
0xd95c72d267006415442cb5fd1ec6a4e5294a4781 0.07
0xd37e4142f0e4ff1f6326e23e3b4b67d0c60f3977 0.07
0x7b16cC92Eec93B6Aae4e8A94309AF0374F9dDd88 0.09
0xBc8c527b3964f1e877012D7084be7aEb7D6e007C 0.08
0x7fe86d3ed951e54e53d56eb3fd4d97fcc0b9bc61 0.01
0x03c87b3C24c23B0fB65ED144d16528061EC44E73 0.06
0x0e3C20eD90ffd758d6b9763728e351a51091D526 0.04
0xD44bEBc78161Ac08f90A17d86c26EF2d20ab4561 0.02
0xd5cc95886c6427b333c42ee60d73730621e57079 0.01
0xe0d2cf7311833a349EF66fA616964c9203ec2095 0.05
0x351d0b975f82663052A0496700e79BaDaAbBaa6b 0.05
0x0D9b13c3AEa93Db8971D09d61f8025dC027D565D 0.02
0xc4a7ff044235D156C3116177edCEC26201028Bc8 0.06
0xaa210c79fdbaffebd6b75bae63fcb5874efd0072 0.05
0xe1DA3b6a29891ceA554D1781b2445751Eb4A7a68 0.09
0x02A340edc1AC0B67a2df604a94E6805D7221a24F 0.05
0x1c2c913AfE4D792D635fA85aBA5BC9cD5a74F8Be 0.07
0xb39249b5865c385f7f44d6a9138743f6bb79d318 0.06
0x40926cfEfAAF932b7bC811fdC4EB136ae35C585a 0.04
0x672Ce8A4D807b30eD8FD1E984119b194818d6F86 0.06
0x085e5132f706efa67e1d71b827be2d44d3d9377c 0.05
0xc694294a442f72da723a5a02972db2b433cbc236 0.02
0x8eB4Fb1946D6B5C6EFac7BF56121EDe17D72eDb9 0.06
0x82177F21C540611Ac49343179556e0886428121E 0.05
0xfe2445E3AB939c08da598C55e0cdd1D85Fb47eA7 0.02
0xC7BDd15D1D54c06c7D7aE9F46008B9994939e387 0.06
0xF5893624F65C3f38F8A91bFD2804E72CaEa840bB 0.04
0x4465883e7cfcf161b6d5e3f98d58b196bee219c1 0.05
0xa624712d719547c39f78cA342Dd3b9AcaBf0E4dd 0.07
0x1265ea86532c377dcd97fc98ae31f841077caee8 0.02
0xbbBD50F0b1357953e89285892834a04a4940efd6 0.04
0x088D8882cf943AA64778EC042473808364705839 0.04
0x423D0e766f2cC5fB9a070AA4C788b226f6a459fD 0.03
0x0fE02e600c8B0288a1FbA60ACc93BF09bF2995F0 0.04
0x6968266a48ec7145396c483a44f0b602259d419f 0.03
0xBfd95b41fb065e17Dfe7424714E1EfcADe5B0aF2 0.08
0x78E3AD5FFda485FE6a2F49337DFacA269e6B3182 0.02
0xD49b0770Cde740593f03882dA4C525626C8a9893 0.05
0x4b41baE9d43298dbF32Dc1c814f09513665cD5c0 0.08
0x1682707919781AD7Bb6ec77182f1D9886B7C55ef 0.06
0x1232B3B5Eb01f0f06cF96c31df26739251fEc754 0.09
0x62Afa166d7Ee4EbC7ABeCc1692B5db7cc65e33DD 0.03
0x6c12ac942fc013539e740f563e65a2522abffdea 0.05
0xFdE31087B85071D8dD1E472eeFAD9f60FEDC7C70 0.08
0x8CF72593dF1e6bAD4030093f68a5f897d008f579 0.02
0x5a289754c4ac429653f5e2351e885cd8caf050d8 0.06
0x49A30e4cC79123Ce96dB0Eda781482f0179266Ea 0.01
0x4fD4Eb7a6A986e69B6702d2eE13D158cF2b6bE96 0.08
0xa5c6bcd4dA4819Ef5786Bb10551aa36d23ADC99E 0.08
0xf683288681545057076e787fbd9d355b79963358 0.09
0xdf5d2853731a5d2a32285fbec94d34d423a8f16c 0.03
0x9ee7585271F4C1A3654d53A86059fBec1152F987 0.06
0x0CcCe20Cb1Dd40F756Af7fDD92913A50e1A0088b 0.05
0x96102629b83d6bf90b2af97233b52cb076c11574 0.06
0xB4fF3226Ab793db7a7EDbb34d3f1E4Da2b21dfF1 0.07
0x44adAb47Ef152D49BE813885c2759f6Aa2cBF4A0 0.09
0x25d0f0ce49cb33cac019e3678c5244b5869ed8a8 0.07
0x2A1D3f9C71557F40c73101ba70424a47790279E1 0.03
0xb67c0C5E1A1D70E687A4286dC1577842009d443c 0.08
0xE613bB05d9Dc7db816DEd916F5003B29F34Da445 0.08
0xdB65Ee223052AbB7a37dCdAF6Ce7fB8A540cB780 0.09
0x9Ee00637f80c72Ae1E4Fe2D5aDAF493747719D7B 0.01
0x6Dde11856aFd65DE473a2aa1a21d787a7bA7e11F 0.08
0xC48A2eE0C2448E31C3431D4eCc9801d612854738 0.06
0xA159fdebD0f64851139d91f2A31fcB051Cf29608 0.07
0x0C1Fef42dE00509F2150A902d0D3C91a9ab4b79d 0.01
0x9C3d37B6d4719332E739518Da43Cf9Ee0F147b91 0.03
0x4997bf0a5ECc43570FFd4b34FeDB6B873b388B62 0.01
0x35226A993575517E457e56C521fEad3CEba4999D 0.07
0xc8c90281e44f9db206705f291e07d70e7922d2cf 0.07
0xD189c04a96BA68aF8355A4CA82e8B22F4D8ECfF6 0.08
0x4dd9cbacec253bf0edc22911f6b426f7005b83df 0.04
0x144216E0f613E45C7E6Ad49C0d9D7A8C80808a05 0.09
0xAA26CD31FBFd419D31eBD00F9352eF12B258AC6e 0.05
0xfcaBa3b2AE70043dE4518e66957b4c938C5B3c38 0.09
0xc9b2b71f3b5cddb3b3ca8adfe439b18667798b3a 0.06
0x4765EaDA9eBAe0c073a9236B414a13B65eCFDbb2 0.08
0x24A8E9908787935336fdEE777267B2B3C2eDf49e 0.04
0xFF5A3c5D6fA7580dE31C5d9e2Fac1b16c99f331c 0.08
0xD059f28DcABAC3aA28E4bdb5e93cD52eB24C3466 0.05
0x0c5441cf2Cf16bb3572fCd9eDc4f21c46b80B2bB 0.09
0x32234d4a2aa46c0f0e606bc00ec718facfef1413 0.06
0xA5e93f313419027bc5B83199ef8DE99C7d0e94E9 0.06
0x6EA5107aF69c39243F7b810D78bAC50c8cf97F6C 0.04
0x80B5b5D4d5728ceb2247F36Fa4158c742cb3fEDE 0.07
0xb32D2944C48Bbb7aF2cCcF0f3a912EcE33b33C10 0.08
0xd027df740bb3ec711764c2134d947b6f2917a57b 0.01
0xece8684452caa855f779dc9c7be7de551c1ef88d 0.01
0x9cf15616dA755a1aDCcB382591DB8235039D0430 0.07
0xd0f480e2d639202d6e090681fb7ccfcf1a2a1ae8 0.05
0x6C8264d14Ec50Af8D3b55A5C74b8ae2C5d34a97e 0.06
0x539119fed7921dC4Ec68C390E383DAa17477C267 0.09
0x605F5A97AaF03Ca88DE3Fc408F78D66258313a02 0.02
0xc18ce89b1f1f73dfb70e7b0ab392d0cc1e601859 0.08
0xdcC11BCBe78830B8E3167A92dE4c7E1F82b12ec0 0.06
0x01bA492ac27b00a36918B733aaC4B7E189768FC7 0.05
0x92aab50Eb347C2fF588cE79074247CAFd8026aB4 0.06
0x702a51363dE5eD3BCCc8D9f98B3CB8CBaFacfE5E 0.01
0x54f2c340aba2a25328bf047bfda7af90a3a83524 0.09
0x20d4704aE5A249d8b3f15d8428aa0cb44C51573A 0.01
0x4A54b48fe9606AA8e36070CDEB2D846eB1D8b2Bb 0.07
0x2554aB1f2eDeaa15eB0234eE49A47eDE1B0D010c 0.01
0xb5bEdD964441F5700CAe0054799A88d05062bDC3 0.06
0x913a5636fDcDaFfEB3fC5cb79Ef95256cF875e81 0.04
0xD56f421B449E61Df97ada6DFa4325656B4638CED 0.07
0x8994b9FD7CdFef591Dd24FF0C625134bB1B3756b 0.05
0x638b961b2495a04e2db63c544a1a3265a5105a4b 0.03
0x2cf7d75e57b550f394f0da4b58d7a1c11791c82d 0.07
0xF160849146c75E9bE0cE483255c3EFd5A4A4031C 0.08
0x73227f12562e69e1847823C0D0D5a51431Eff343 0.01
0x74f4f8d08a02038faab0ce90c8aa704960e39308 0.08
0xc3Dc3C4552b734a4968dDF1732bcC74C01104AD0 0.02
0x2F81889553F67012BD3968637c9eb9985863EB79 0.02
0x928BaD344B3E73772526a0f42A42190831A5778c 0.05
0x0bD9EA2bede5Deb37aB17bf991108764732450F0 0.08
0xcc538c6335203cd2e771f27d12f4c90695366407 0.04
0x37d7d5a696590fd8d9b6f42151cd2b39fce1c38c 0.04
0x5A552274D7Ee8A32A6b0f72f90fe00d8583a6deC 0.09
0x033069d71d7641437394a9c377a62379e2b99474 0.06
0xdcaA037a39c6Cb4a5e782B36b2f8e7E116870c33 0.09
0xb644A41073433827ee9f962F93b1434c56CB46D5 0.05
0xb6ee9dd5359a8827deb8034e9f78b80328e5ea11 0.04
0x1Cf2E4fc527938853f8C380457684ce32Acd036E 0.02
0x1904776e728aab2f685b4fd77c1c4de173198a58 0.09
0xa4de32e5c443A2226839E579Cb5504ea348590b2 0.08
0xF04061e8B97A35fE56587E3e472aE7Cbb72025Bd 0.09
0xd19bF4615F236F77BDA45f8cfDC1C5f50e02f0D4 0.09
0xA98a241e0721fc7148c44E98fb83879518ddc1bD 0.02
0xe9f7dd9f84DBF1Ca30e4494BF2C8507A54189e0e 0.08
0x0c64D6C4e825bDf5C851cD241Fe19Afe132e20E1 0.01
0x6e4BE54e890CFca423977773Fd87be244A913f74 0.04
0x70B506afB487bD2Ed00E058D668737406885Ea1a 0.03
0xefc5619eD2953baeadEf163d553D950f13Ee1f60 0.03
0xE5DC0fa08a64da7b4c82269E33635fC3714C962D 0.01
0xefe923d4295f3f5e83bcff2f42d81d8c0578b2c7 0.01
0x8754aC1b0ae64F09e9AAc7dE5B6197fd0D8e6978 0.06
0x7e5e41929b3D4255090E37ca7120595B5dADF423 0.07
0x637ae72175Adc0472AEc3ad3779732a35d8e179d 0.02
0x7e474209779eFEC886FDB7cbE4d207412F400960 0.09
0xb41ceFdaDFBa84ebbeF82f6284fc474D803EC2f5 0.01
0xAc7A6e2bbB9977379aCE819C7ffb01f898a89C68 0.05
0x12b3634e6aa850bc6f38ab6c7313a9e864c053e8 0.03
0xc62F376D0c6fd2250ad50DFe09D41324cC1424CE 0.03
0x8421820df44cbe7974da64386840caea38961d84 0.05
0xa4FAf135b7E6B5f29D96dDb0a8341a8845415997 0.08
0xfC9be3D3c0B75E892E07C42595Aca16a372ef65f 0.03
0x908f772Da758f3071E4a8a4624e82ecdfB8a27cC 0.02
0x5566AC048B6F4eAa7AAf1c183ADD14713214cEb0 0.02
0x3Bd46A497d64731D3273ed2e95630dB9b5B043F8 0.03
0x9E6D30ab348d0fD15a7784a8330a97a8287F81F1 0.07
0xb2a45ccd9afe2a1e4910323ab4a03544558a2a23 0.08
0xB36441ABbD0b191Dc2d6cA3b2c89Add7D12Ab14C 0.04
0xb56a617ff2c73243c79e239624fa47931292dece 0.07
0x2d8AC2AD5fFE7629D2f76127c20f3e9D14421089 0.07
0xE17e0AEcC9b6187bA66b389f0C301104bB0Fa541 0.09
0x33fb823324e86faA3ac93E7f49D80c1995397d76 0.07
0x51E7012Da8BF56AA19FD6E4A7bDe386550DadA99 0.02
0xE342780e1935c90ECCbc5c22979509369B5c0438 0.05
0xF40380a4DfaBabf372731fc1526e56e97a21f972 0.07
0x8e540f96A9b5f5A12cFA0FC5a6b1E9eE7F9222b5 0.08
0xa3d3ed50c0c66e3d9d4583940effd18c2e81a7c8 0.08
0x07d8B16c91D7354b0fA290A7d8A2d98612b6b1C1 0.01
0x78ac758ad7d55908b919c033a7d926028cb127df 0.04
0xa3548093d0acfcef17e044cfd2d8179f71569480 0.09
0xab0491f09C7f4bf0D38E6A9A299dd5d687D1906a 0.05
0x7470bb5dd2928182fd1d67d2455554253860d352 0.05
0xB784C454130bb83e65B4149932ffF3D70BB33DFA 0.04
0x70c309e360A5100bAEBfC87e0139524d946bfe30 0.07
0xEDE0447f9f6A5d972eC284A0cE1cAdD84f9d3DfD 0.03
0xf802b18b971576ac57C4F4D5515D4aaf51569Ca2 0.03
0xbf0eBE77402B0E18683CDB42A887B4715fD6B9aE 0.02
0x29035c6766c9178fAfb36fb078889825839F2588 0.09
0x44bEae25a3c40f9eB6E4eF8CBA4763dED303D616 0.05
0xea8f59ecf59f900dcd4c07078b4c1ed9cd345dc3 0.07
0xB12D9296a92F3db364AE91c8e785787B4A7C6059 0.04
0x5d439d287C48D05e42abC4576A8aF21a7B5dfbF8 0.07
0x5BABEDF269aa6Dca3659Fe1eCc8Ed170625Dfd90 0.06
0x48db26b5b8c2a9fcb01a2cf814e371762fe554b1 0.06
0x71bf4dc1bbad496eb856ea5c9d839a523eacf464 0.04
0x31724360005F2892EF3E2CbbAA667B3287c698d0 0.04
0x2C1fcdC68f60833F93532a2BA60C44abA5F3d8a4 0.05
0x6d29803c2AcDdC6b9B1FF44B2226FFD70817d276 0.01
0xc5c4687636c2a9975507770edc402689dde44a7a 0.06
0x78B53AeD205a1D2027286fCC8650e74e13E545f0 0.03
0x6e8f0A95B3aa6171B355aD035582939bBD4259Dc 0.07
0xDB580ae4fD7373c9ebf71B80E31Cf30Fdb99e28E 0.08
0xf6a0115eefe6958b68ca5a9f9fabc65aa21458d6 0.02
0x97D4ebe80283C4Fe3c52A7469BD1d30E338A3cA4 0.02
0x659c94b03bC99B1C385ce568b239EEc71c82D6D1 0.02
0x41Ed3fd888601EbCE021d98D1100E8c7f10c1224 0.07
0x5437d049086Af190a1F8EF38825e120366341a70 0.02
0x9E2E181DcE77AfFc2a301602B1D0FDd4Dd6930cF 0.09
0xCA328C98C0FCEf500Ad532ece53A63336b8aA417 0.04
0xf3e1e80f5b9dca49b8f1523a4e2f3389ceed3f75 0.01
0x34d0553c596959788bbd7ee91406f155992a8842 0.09
0x4dB13d94cf67835AF819baa86d6e0E0DBe9947ae 0.01
0x2eA966d24Cc4b231B5fB84dE1e574f08321ec771 0.08
0x366f55e66252bfE7e63f415Db9E195fcf1ac56CD 0.01
0xc576337ebfc800d2c189b8b30487c274cbd5fdf6 0.09
0xb50668ca24c837fae93576dfe2640211f2c4cec2 0.04
0x32de7f91eb538ba26b2446d2bc6fcfd43a229a8d 0.02
0x69c418E26BC535cd8F5FD19f7f376811F7673806 0.05
0xF60F6D5aCfaae09e666F0eFAc21b29290e4A9109 0.04
0xBF1593D47c094efc32e39BBA951dE5B9902eEaA5 0.06
0x35968225587267e1fD0DEbc28Ee4Ca1370C892b1 0.04
0x3d2156faf656590c955003c2f1a8a17d34e517d2 0.08
0x21B270bfe2b440A112817B46525bA63A0B903776 0.08
0xCe935082b670129Bf7F46b1C50C3EeA57b538c9f 0.06
0xda6F72d93477A74ddF07C39436e604F3b0ff0463 0.04
0xC12283Bbc465e5c7B2A28eb26F620b29a2a80f98 0.08
0x758aA8c203B4d5130E8e821B4AcB0dac9DDdd1cD 0.05
0x3283e0d5d07bf1057fa1fb1a66bc2e6b13c1ac6e 0.04
0xa771468935C4955A0b582cE8952f1752Aa82F89c 0.02
0xe241403cb5a2c5e5f97e595dd8cf66cad3dbafbd 0.01
0x5775D534258b0c7A4CEe412f623B9aa969151302 0.03
0x77c1da4E6B0c20ba3c63183e3e0bea0c8DFa223d 0.05
0x55FD2E815dC723e012A1e237A2D12146D586596F 0.04
0x2fdF614cc26E2a9D00A3C68c93c907D3Cc3d5d89 0.05
0xc7715b404199d935a756515ed87c1a187bd5b06e 0.02
0xD943C1371218b35b248BAa056f2635DF4865eF4F 0.03
0x4e9AA506Bd3bA021f43C4c4060feCDB6aA4adefc 0.08
0xF95C0A758014892e741b958DE6c41A8490Be649f 0.07
0xc34a50c837ba8b315c3756adcaef6d15e5b2206d 0.08
0xa7E02D16A93b9D30479a95a3aB7B3F09bDcc4Ea5 0.04
0x9e018c9ed5fef2b23a46484535708780475baace 0.07
0x2E9F443e760b44249FC2F570d8756f1572Fcfd75 0.05
0xF7eaEc2C51492Ad9798F23C290Ab2C553e0c5B15 0.09
0x7D27a5b0fC462Cf0b9942aA9eB01Bb1EEB9428c1 0.02
0xe95441883AB46C62E4ec306b20bDe9C2a918e612 0.05
0x61f8111Bffd8A38b5b912b32595816EdFEa0235d 0.07
0xa89F2bD66d7c6212Ca584E8bF9D43015eDcEb3b0 0.07
0x961C83306C97FF21Ad721790a0813baCC143C270 0.09
0x786d0091B7997EAB23f21155198206F1cf796E73 0.07
0x1234567891234567891234567891234567891236 0.07
0xdf0e012fccbeca376a1280edefe517f05a7e93e9 0.07
0x071B0649959C054CFBc177624900f6F4242a8346 0.09
0xd80C734554d0fBecc824DBa755C7B2Bad999E912 0.05
0xcB9995D38E59106dE82f9c0a242bD35BaF8f0037 0.08
0xa0FFc5344D44156a6210896952e34eA96Dd897ea 0.03
0x75A5d03B62f6d46623048627f6bc4ca98Ae7682A 0.04
0x04cd61985110138d8d10a614c20b0727d644db6a 0.06
0x9b63f53A43A7c7Dc23D910dC7Ace720e5b316F48 0.06
0x3e05883515325408e10eB0912ceb685a7282501d 0.06
0x029CFc83bd8600D07C1D981A37648990Cb027ac0 0.01
0x1D8f9c70979c94c8C36A6CeaF938B68D9dc054F8 0.02
0x2573048f23b571592d55720ed9473eb79efb62b8 0.07
0x9ec4B42208280f28f823C7DA207618D7b9652348 0.02
0xE6988Ffc0bB44bFC115b0EB3c5A5FE550c302E5f 0.05
0xbDB713543875CF18fCd10cD50cD85b9E9d7B9B8F 0.09
0x37820974dfc68B402a1fA2396f3FD1B5F0fE49a7 0.06
0x3A1Acb9e6fADE470D079832bbcA61c3e043fb9e5 0.08
0x909f1DdC6366D996C9c616155C10b9dD3305365B 0.07
0x5f14c2a36bf85878f1bf86dbfbe93cc8d943029c 0.08
0x3BC9F503F6C7fd0F6be8C3E68c254C0fC3B85452 0.05
0xf9E17f99D2cC94A522A3CfeDe3AeAbA2256Ad134 0.07
0xcca6729b0544b418961b4f7ee79535db7659426f 0.05
0x3a24b78D5c208E3AB4A302c7Be22dAc9D425d616 0.08
0x47F67fE65de93EF9Ff4E2705a62d8002FA998604 0.06
0x4e0317BD96cA65E3AF20F49088766D424dD9FEb8 0.06
0x247f02f80747b937476568f4b725431896cc70b2 0.01
0x5480E873259EB26842d275CE2907c309A166e49d 0.08
0x53E6660BC388bE546E0DF3D09F5937d028e4CdDb 0.03
0xe122d075960dbf856b7a8e1d971ba8b136e483e0 0.07
0x3E31460A0A7c861931618139540543c0B7b3dB75 0.09
0xE610bCCB5B7E52626e7036a0194584Ed83bba2Dc 0.01
0xb6CAC824835CBeBa311003276D185B6D062Bd115 0.08
0x18455f9be7c0f4d5f2e793e9b409b6cf0f3e4537 0.04
0xA29470EfD8dE40C74a85d853F50A16b3A76FA1d4 0.01
0x4f2E717B5659EB8E4f7C289D9B1d4225aE979838 0.01
0xb2cefcb70c40fbc7b49ff7a10669b8cffce6f4b0 0.01
0x66f90b575Ab0c85568a3cb501F1Eb7830163d7F0 0.06
0xDEC8faA8B28521255789969Cf11045F7cdD360B8 0.02
0xaeb47d3fa4fddf37f73d086759d5308fb6eb0e20 0.02
0x19d70ce7ffdC153de685485f249E9E6842a51816 0.09
0xF5aDA42Bd62B65A2517De96146C988219A641Ab0 0.09
0x2c70633b8358eece19e8158a77ea2f522f97067a 0.04
0xBd84B71660b633f4Bec19f14Be3b55ecb7C277Cd 0.01
0xc6c6fcfA326c8Ec41641C97d2Ad0648956a37839 0.02
0x21195170C842358245A8Ca8b365e4a9cFEE41F28 0.08
0xCaDFD085ea32cC52E8eFF64BD239094b0cA193b7 0.06
0xbf3002bfb220efE23F400c32366B5b925aa60761 0.02
0x1DA4eA9310d079682a6AD6E29bEd7F21872E8Af8 0.03
0x213FB6B030E56136800EdE9d986e783e9FF398BC 0.02
0xbCa6f1C98f2fEA9A0Dd8104E6fe5C586991F29cE 0.08
0x5C6177E4E5741c07dfCEEb6F469651267Ad6a96e 0.04
0x302bedb4E54a1685dC6EF3A51Af44EC018EF152c 0.02
0x80b686Be20855F2C995D28292E039DA64df2032b 0.01
0xC9E532E58e940299B50c6715a30901659AB836A0 0.09
0x508E37A6a77620053b5cDF627Dd25B30Ebe0D0de 0.07
0x1B60D45ec59D7374eBC249396eaE5FA76b769C57 0.08
0xB7B452972F3f7d949688aF12C9Cd6DA96D2882a6 0.05
0xd7909D31BFbA589169897Dd0a79e168665e9C1b6 0.06
0x029B6466eed1144278c907e00D106410a64553bc 0.04
0xe8f9c87378982a95061591150e624ebe0c6a1043 0.06
0xe71eced47f270a56504efdc79e404d7a2e9bbb13 0.06
0xc6d416947462993B0D371D419a09858feF232e84 0.09
0x9659920f31dB66c3d25e9a773FAE5Ed2eA3c08eD 0.09
0xAffc8B574eefc7340D3D8c3444ee28ACcc83512c 0.01
0x57e9375b64bb538FaF51db4e677595B25cBB4aC7 0.08
0x37E89370870704BBF55e133507e4918b8CAA1fBe 0.09
0x534A9cFcB44E20523E7800f459Bb4A827226061f 0.09
0x77ce5cf33d6cacf8d17d9ea7742e4eed88a8d8b5 0.08
0xDF5c9137BB519551B67D9c0C32d45F3f2cCC5Da7 0.07
0xba2ab3283b319ba13c5c56149764f4b308168c9e 0.03
0x2Cb48ef3898Ae7a7cf65b918C14CA3D203ef9bc0 0.05
0x9AB1367CFE9b3804973892eE573f32Bac8338933 0.03
0xa7340e4b5742204A6DF4ca10B5e264D715963A97 0.03
0xdcc076E358253A3A3e803D6DB0221b1983144961 0.04
0x08a0EA462E8Ae7D6e352480D3c882De0549fD3c1 0.06
0xd97784d025fc4ba838287746425785529c01d877 0.03
0x6B4D49aB16D8370Ffc2b7aC253342392655Ad57C 0.07
0x9906E1f6DBc9BB9af6B26eBa7bbd82E75d67b2e8 0.02
0x09A33988EBda5d036C870291d4da8f6421Df4576 0.09
0xaf47f51625d843003803bd02201BD3114bfd9E42 0.09
0x66700dc38d219ba9ae89e8df99674a0aef1bb79c 0.05
0x10C537989f62291955Aa2f253F48602F992E967F 0.09
0xDfB0cE0df54A4be53617a956bd3ac3cCd9a61Dd7 0.09
0x9049B52a7e83b8753b20EA4987289E7903516453 0.07
0xab2ff34c4c0940e426960244d1ea44d9223a9401 0.01
0x04c594c6d50aAc3067f6adbd69A65fe7BeE6c0F9 0.04
0x5540245c5ef4a9e8609be304dd79cf10467e762e 0.05
0xB1E398E896e476d4e5a2C27DA53241eCD0F60272 0.09
0xf1990B65e8a0032697165f9C13286B958C63775C 0.03
0xc08fFf3846370cC1549C0C077350b59D605FfC6d 0.07
0xf46A9A4391342c40984546C19941D500dbf8233e 0.01
0x77f269804e1843ec917914979aB9C889CbE739Eb 0.04
0xE5Fb755A055b328392aeEe9B715293422c45209d 0.06
0x7003Bf196A7100f653857a481155D3ec18768E54 0.04
0x52c83c8D599C34643aEe082aAE446F3E95b7D2B6 0.06
0xe1Cf43A4a9a11aDACacccd5c5ee24A32C0671e98 0.06
0x5a0b652052a8227b2Daa9Abe2714847fD0F709b6 0.07
0xD539992C59A1bC4aD9539D14455dbA42FB5e184a 0.04
0x29e7a436c5F9d1C69850cD5c8f8f572122be8461 0.05
0x2D70801B310EE23592D8C46BA93192A82B163A55 0.02
0x5fb0DF459CBf7eAa73f65B6fb82855c8D2c47A86 0.06
0xAD2DfC89bCF23bdEdCB3DeBD0E832e46EB7b9a7A 0.03
0xc68Cf64325c3542cC3632aEF29d6A04f9417700F 0.01
0x51a9901d45Be570d55581271A79a11c7df5d09a4 0.01
0x39C76a149cB830A7396701eBd7f77bCCC817eaC1 0.07
0xb142D499fF4fFb6c2940690aa66485ae711fcF35 0.06
0x14192306afef980c395ab50b511b2bae32b90459 0.03
0x0807C6F741BBFD80f51D900B165458Df718B75bF 0.01
0xD91fBcE6Ba9A96F97bAcF51d955697b09fF4f6c8 0.09
0xfad95b78f9cafa24fe1480d0819cc5c27115dfe0 0.07
0x00922dEc3c7521a66525b787287Ce44182e6a3b0 0.04
0xe6D2cfcC37a3F513EB9f7784CfCEecd80163da38 0.08
0x7530e2e543f64EFD5467446DC1569bF8cbaB6b27 0.08
0x5c78cfc79fe50d15fbdd1bcc1e2c9b45199297d4 0.02
0x8aa4a759Ac0d1E0279889531e5Ae407CE4277260 0.03
0x070f1778f2bc60da412484d6a49f47fc1c7a52a2 0.08
0x8F437c89dAaec37855812a9De0b77d946A5Bdb91 0.03
0x45Cf00F7d62d1Efc680ea3dA8c8cD5B6b7D389F7 0.04
0xd3B1129ad2f9947212148e7E04EdEe72d0601630 0.02
0x2b37BD698F9226c9d1083f116b3163BE8d33c731 0.04
0xF9DeaDCBf1d8E34CD86D83d3547b6d943D2Aaa85 0.01
0x02897a88072E86C235e2A6D8a6D439C9830cCa22 0.02
0x18B4E47101FC495990e62da30566d8A54955c2b3 0.02
0xAAe456520c327207A4C79Ac1e9950550220888B0 0.09
0x281e5b212a1008af4791457798382f236aa5f635 0.05
0xE84E3A6697307d72A29e688308eaaB7644B27F08 0.02
0xF559a230Ff5b4ca0E2F3b0eC08517451b729E323 0.08
0x0E8fE700Ce103323027b02dc30F4312DBb9D6263 0.05
0xA9211CDac2a8bf2F6E1ae2b1F30DfAEB239391a5 0.02
0x0e5b70Cd5CBB31dbE8b484CD795000dD27230B25 0.08
0xDdAD5EAeF75a632c4aACc2ccc629cd2B3bDaca6e 0.06
0xa7180c0e06b98808faab05cefd8c2d1feb214f1b 0.08
0x193248A2940003e22f61cB5481312736D011df99 0.09
0x3869f351b866ed847a9d821bcaa5ea09fcfd573a 0.02
0x734eCebC8b24c5D9746E74ABd1F34498110E5499 0.03
0x697100f199d7d43728F410c0b21d01FB0522ADc3 0.01
0x022586f465a7bb0Ff75656100FA07f606760E150 0.07
0x6755Fef2FDC1A886055788EF532c0bB6880521b2 0.03
0x5C3E94f418aF45595c3CB5503beC93248F7f8464 0.09
0xF6Fd445FB7d16D23Fc5C202df03A6f978013aC11 0.06
0xFa5f40A25AE76113242ec0c7CD50403757f2Ddf8 0.06
0xc46e2c2bbDA3821499e5876F0DfF47711d544810 0.04
0x781e9b70ad3fa5e4cd2bed5d687dea5e1c40858c 0.08
0x93b810bd139d3cac8480afd8f750c4b2b7bebbbd 0.03
0x1Bd404d38C5208410a3D006D45c5023aE67B6Ce0 0.07
0x9C912E20c9a48084dEB2762b6307825e467a6eBF 0.08
0x2375Efd7E6a164Ee014662aA4Bd9548b5911bC2f 0.09
0xC012E5A6c4f9D5eB7437f2A08873aC521Eabc3c0 0.02
0xbd4394b4a3e01e6903db79005e31710026becaf0 0.03
0x1deAAaB48b0fc66D9eB6ecadE62d6CE78C41D2B0 0.08
0x4198687f87f731d93f7004837b524faac8e3adf9 0.02
0x8800d041238e1d908ecb52a467b6780deb820135 0.07
0x6d9731cA3c86b27623D7e788eb9b76F02Ce2ce56 0.06
0xF6D00E949167109516AFeA2a01a3a18bBFB00C58 0.05
0x8106335F01BDd98999d9a7E7426C4f57B6345129 0.03
0xe369d8f3d900485ee49521903281ae916f01ae8d 0.06
0x736df172bfeB9af9767d6E9CA09559f23bBdfE89 0.07
0xE649deB3299Be68D63Dec719C9297eee270d6671 0.01
0xd0F9234BC357dE626e6507Ba1655AC3996BB34a6 0.04
0xd2c0Fa3d05a85Aa7F7058e153cCE584aD171551c 0.05
0xefC68772C10D32FcD2742401DF0D4E436D73eebB 0.07
0xED6879DC2F31B8539e7f7f483e33d90E5b4Bb9AE 0.06
0xDdf5dabd2beEb439C58dC0fFF20A7F3a06F1241b 0.05
0x4Fff2E9c0A840Fe63d448123Cbc00Dd43657E581 0.02
0xaac7EAE31E2B8A1dFec8b2521Ecba038671daa64 0.04
0x9EDb4FAbE35f7A2069CAE433Aa53147b2F5B5Ee4 0.07
0x437b061164a85a0b90279424e69f2cbb73913210 0.08
0x67C0922081d8EfFC73aa73b8E3e9C4f071ce6F9F 0.04
0x7354DFf431A98c8543de7D2f1B297422fF4A4f79 0.08
0xCf4D869c0d6E87D259B6ce088645d7CeEC892328 0.09
0x3BCA4a964D5795b76432048088b2D44C5FF8B92F 0.01
0x97Ad8aDc010949C049AFB094A05e741E7bb17D78 0.06
0x1ed8763fc9845318162C7Ed36eFf71Ecba320Ed5 0.06
0x08FE3667fB6d5Ab7114A18766b944e9051C4a8D9 0.04
0xd813cff59d536806aac1df173be406e59fbba71c 0.07
0xa8F9d2e1dcBD28f84300a768fdFE1fD914001675 0.06
0xd7B8511364444444312f66b5C3548efaB8593C22 0.05
0x07e2B2A053De3c8078e598d46d3863073053F607 0.03
0x078b76924C6173660f172d66505FD5e8e24E9dCE 0.08
0x68778B12d400294E5a88936EA71468c1022A6f44 0.03
0xa7C3Ba44554ab06E372CeCc049dFB7153d48B719 0.06
0x9b7E4db0427E9C50Aa7b596267202F73bF80D2D4 0.06
0x226471af8D43B5Cd9c792C6511AEb776D8557616 0.02
0x63bE80eC65bCbd99cfDc263622Ed85b257Ab7F97 0.09
0x592185bcb86afb71dd959342f74ae2d857235470 0.04
0x776A1aEa137C1319abadDE2eC7ECB8EBa18D8e98 0.02
0xe84695036a63D8d33DcEB0015f144561F9f591d7 0.02
0x8423dab3e240f5966dc66562ac37abb2b47bf246 0.06
0x4c22ceDE1243aD64b59f771b2A1121310dF9e093 0.08
0x34451FA995e047d67A78a23A19CE74c48A5f56c0 0.04
0x5C3362149cbE645Ec9673f8Df4E054De71ecb49a 0.08
0x663c38C5294013C131a4DF1cF1E7bEE58bea4769 0.08
0xdc92277e4677a2675dF7eccc5f81916244ae6221 0.01
0xd6aafd0f560ff52e8cdb70fc2ebd5d43cc82234a 0.02
0x32aad5031DbDfaEdEE4D709193a44FE636178012 0.04
0xA4bCA3ABC22498Ee4E9C0Fdf67d4A844c3959235 0.02
0x216c7f573eceb2ea564f8127edf3cd131a0169d2 0.07
0x5cAadEf1A55972dD96E243B6D06Fb9C3A5D3FE3E 0.07
0x7304D6EFbE734d1D6c8292F7ADDB28d0ba2e2adE 0.04
0x01E442Cb986b14c2fE7c4064364CF06C8bCF5da3 0.07
0x8559A7cBB5581fa0D673F9Baf0dB8800C6CFf272 0.09
0xf130effBcCa79dE04411b1174834F4315d8c1c43 0.04
0xE0D207FE8243eFef4C00470395d7D2cC3Cb50629 0.08
0xb1f2e06b18689a07cbeec43da597f9b71466897f 0.03
0xf78d6d1481CD0EC1aDb6709fda24f1d5AC3E1228 0.01
0x02b8e6bfee31aaf1dddbd76fdee58208914ecda5 0.04
0xE646138B581DA9B67c577bC204b8CFEb8ba7Aad8 0.04
0xFfBd484B9F50bdD5F5215c38282f909F066cb18c 0.06
0x55B19D220526c9f27fe52eEf89fC9262310b8101 0.02
0x85948e48C276e25a128CEd6ECF7Aa23f64A26a1c 0.09
0xd7806d0a7cb4bdee20fb7a392b4137a36ce87742 0.08
0x49DF0D17a5654c0d57EBB7De1300ea092aC63df5 0.01
0x75EE8135E25a55d5eCe0Fc7DA001Dce81AaAfE6b 0.02
0x18ee2e2f50b17425a9091af4ada852e0bd25d6ca 0.06
0x3F7711205FA95237724Ceb24d15cB916effeA558 0.06
0xD1fC993D34318251f4d7517eAC987eA4B49d0B25 0.03
0x5CF1bD0164b5dEBE423F8fEAE26d52003DA9c12B 0.01
0x84638663420D48e314fbFfc9B8C8DB2b4c9A426d 0.01
0xDbf5aC96726d63DC53C214f7a334Fd0C2031e712 0.09
0x2ca9a23c698a870852695ec01b0e4426be25a5bf 0.02
0x358AA2AeDc6D004382ebd8447a5c4D4A8E5729c9 0.03
0x97dcaf2a69303C65E9A4020d6ACd0255b785bC00 0.04
0x9DB0094f8535463d62ce2A04f9C8d076D6C24CC6 0.03
0xbF1CB15C28DD7e36739ed73c931fFC93b395497d 0.06
0xc963b3eec330274ec0949452ea2639db2ad7ace8 0.04
0x71d55FFFa80bCf7d0A7e6079C498ed1528B67443 0.05
0x2404A54d8B03B307d5C7b3AB0c425Eac658fD496 0.05
0x63a71389a8a790b70413601b9981d28974a66444 0.01
0x80b16bf2ee0418ce8ebfDD345BA7ec823bE46B65 0.07
0x619b554fc6e6c1cd544bd3c17815e698fafc6b9f 0.09
0x10A24C5Fde16ca3f631698c0feB8cf422CE9C008 0.06
0x699177f86219c112c77e3cbb77656db6dbd8229c 0.07
0x771b6Ad60c0d5d8eeeD55c5d65C5C982c5035578 0.02
0x01Ca3FCffaC9C8f1213ebE10CDBd418B785E6cae 0.09
0xA2c97df475CDe5DFb72C341251d2D331495fe001 0.09
0x3370b796047bb519e203185c620c99670bc4aa94 0.01
0xb8BE0084cf568De2068BaF0C8b57c938f1F3eDF9 0.03
0x982ebaFAcD791BE67527DE2f907f81020962d19b 0.06
0x8Fe4951E5A85CA425836Be7dc6eD9939020e91cD 0.04
0x1DD70E9dc9C84a95147570099a37E7769056633F 0.03
0xEf13009494A011B4146Cc3772ca062b750dcB241 0.06
0x026E586d9C05e70abbb6A9E010a35e61F5EB4851 0.09
0xccd3fa400ebe97c79c3d9e93ea80d08bd4acb7e1 0.08
0x0262BBB51F4E856ec21f8e35F7233D520c89cBc8 0.08
0x96dEBCb4ae699975026Bbb77699A099EC1f95991 0.04
0x7f639b699154c28cAD18f9a9Cc7833280D3484DE 0.03
0xB6098dcE6245997CD06813AA15BF831cE838E8EF 0.07
0x509065Ce56B7E775A3676A4A53f42839954a3D45 0.03
0xacf2450BADa313644Ac307375Cb191D14BA44696 0.07
0x9a8fC082038ECDC35f19AB95e4ad9f9ed99F5243 0.04
0xFabED798f0ac63E90CB35A43a7d8bF77c21dCbee 0.06
0x28C45A715BC8162A70d1F8A3FFe8894743894030 0.01
0x57268f1d445781e125aEeb56fe5896EFD3315e50 0.03
0x8c1f4A57df47ce4ccD3A960Eed60aaB3c8617dB2 0.02
0x25392c0404cba1d5c8c3b5cc826ad88c06272086 0.03
0x4469A94FEBeDF90C101c32A49512a3e2f7c85cCC 0.09
0x88aCCA4318938205Ae8cC0f9B0b9A51ccecF5B34 0.07
0x5f996De0d1B90056922CD6F18fb300fC3A6742a8 0.05
0xa7D01C44746E7aB1a5Af35e982C7f66C1fa7fb55 0.06
0x05f97ebD6767392B0a2068d749DCCbe5D9Ceb017 0.09
0xfcf8f0ca1a35212f102eb6d0b677735ab97bee0f 0.02
0x9A61c545CD4371D6646721966283123ce1aE64E6 0.05
0x52b9ff5b443d7944d43A43109b42d5C9D5879e1f 0.04
0x52C22fE8982ADA89469851eE82e63Dc994Fcd639 0.01
0x4502B224D742912dD96358F0214e8b6eF8cAE45C 0.02
0x5BCC146021F117aC03FA3EED5a1Bc06cD7ED0564 0.02
0x499f97Ac7e0317936898850303862E9181861d89 0.08
0xEad2B267e22c852C6195018BbD77Bc30EF7713d9 0.09
0x528803c7df1f322ee326960ad32baa1c1fbeebfe 0.01
0x1425cb5c7Ba1DE9b5f3908EC8A79d0AaD724C763 0.01
0x4acC9c88132375010dF88Fb32b5F012E3122a29D 0.06
0xf8708607c7598a5165659ecaa4bfe3f849321def 0.08
0x8Ce94AAee9eee05B786d34F99A213cB5A87c854a 0.04
0x7108622A54897dFE323f0360E618a3907f414194 0.05
0x1E7E2455F244CbF5c57Ec5b9491dFE2C5F7f2210 0.02
0xE961dd50E465580DfF9b24Ed21Ac92D9d79EF89a 0.02
0xAfCdaFC8daB85e2F66fC0654aeD1af8a85bA5997 0.02
0xb09d691ff796559cdf5f2f209cfa50321169cbc5 0.08
0x8Efdb53D725C7C7A9106E7A1A77981FC0dB977CC 0.07
0xaf0af683b6afe62494bdacdc4f9bba9c4a5edc7d 0.02
0x4Fb3A66FDce733121C06BFF0830fa86be2237926 0.09
0xdc036Da35469943008cD284e0Fe0D2f33A08f4D3 0.09
0x9B2C2A87Ffe5b45dDC57163300b93ef56A94cf7f 0.07
0x5944FFaE1045171385B5730d3938264C514dCf0b 0.09
0x19e6828489f0CB673F815fFF1673C00d1aA8A8eb 0.05
0xFAfCF9F61FEdc4b7a2D0062C1f04Bc7BED78fF5E 0.02
0xb70e1647f14e694b456c4723ff00e1430f650c63 0.08
0x435e6De4fF97523Fafaf8bf513c9A72eF562D841 0.07
0xaC56fb40A3F56d76f8C0Ae2250c3BF0EA66f14Dc 0.08
0x0ca63dBf5fC61af49c1598AF459314c503baA60d 0.05
0xf84eA45384eEec31a0e532Ceba2225B5019B0B97 0.07
0x8330c237bf5ff7ade03eeedc6eb185ed851a8271 0.01
0x24cb45acc9ec9172ac8ba3503c6a63cfa785b30f 0.04
0x6831C5744D199EC1391039671BA95F58e3458049 0.08
0x2e56A27e4dA7F1E721182d14F94be938CF77e35A 0.03
0x22cb90915b2dfccc20e6db03464628c39aa6d236 0.03
0xD26bd7aBe81b8edA0fA566D8215fe6869C0927a7 0.08
0xab41f40d66400518adf32730709eedf4847a5c7b 0.02
0xade7ee22e9f871cd5c0e18136665ef19c3899164 0.08
0x616513f3da193e1110ab664ec70d0d0438dd373e 0.05
0x974B8A45617D25C9048c1E2d711cDcE24cD49173 0.08
0x59cDf8F465D0E925621d1a3Ce4375881a2186e14 0.02
0xe68ECcD6E48cc6Be122D10114Bca7b5471e72409 0.08
0x7c9cc6ED81bcC4B6305DE99398a8996dC0ddE093 0.04
0x161b9ffa843c78010d75c51792b2a79621fd279d 0.08
0xc4D1C0d696f68472a31E408fb319E89EfBC648d0 0.06
0x95B67259eEf9bC576a717990f38e627E61d71084 0.05
0x710743428E85B30dF5c28a758D7D730647071E08 0.02
0x2af328A9d091F472893EA9721a4FFF99B9b7bb79 0.02
0xface4b9127eEF60AbE538240BADF74a183ce1FD0 0.04
0x4403f4cACd7d0FdB608110C3C5A72f98f9956B16 0.09
0xFB27b32085F0849d5e78f6A19bfA845F09725100 0.03
0x4A7814563F0d3Faf1A568fc2Ccb0c3C2E55dFB49 0.05
0x3Ac3db21ebAfaf869b554115f5D405A632E378F8 0.08
0x4CF030951ADc41CEC6D26b1Aa62425b891F3d28B 0.06
0x7618a37dc2a925d9714d3f31882b1cd6571f1801 0.07
0x03237Eb1dE62cD3Bb2c03338C73B67A172f4a520 0.08
0x1b2F8b0F5755e92ea114A7291f8faD3a9159459a 0.07
0xf32f3B6d165951c075bBd7aA51532bb41ed61e07 0.01
0xb5280aece7319c0cfc5cdf50839fe62c0aeec7f9 0.09
0x2db1cd5241F66E58E7954A6b45a117A79338f216 0.03
0xC5100A276BD2430C77C461E456cAc5a747fb34e0 0.05
0x2226C3Bd492EC6304090f9b20e559d2d7455efb6 0.07
0x48778C4C1bd8a954154e0575935F4232728CbA30 0.01
0x6583B4ca6AaC042f7F511CceD5d8D93b6CF0639e 0.02
0x1ea88ec7af6d71845ba45617010c41696899245c 0.07
0x02c76e9bB5e278D675fCD1065b56688B5cdBc409 0.05
0x780ac1d36caE97D5e633b4A29ef859AdB7A1B1Ae 0.07
0x6fA973a1C33ED2bBc7Ce12cC523Ce647304B28Ce 0.09
0xd1c45380de88A134119C609444b239C4Dec19aFF 0.09
0x723D42B7Eadf23Cb8F6e66B19B89325bAf8c42E8 0.03
0x66b0512094B1C2b5f314220604631E1bdcEe221f 0.01
0x30FC762f4E0BEBdCdaA7b8f4BB69e7Cc13FCe33b 0.08
0x3af415aF9eF05beeF887Aca54c992dA387328128 0.08
0xda2168F8efDF66d9f860F46c5d8B24dDe0494585 0.07
0x6ab679f5e8e1c8aabb42b53a7ab8f7d29db71308 0.09
0x9735c811157b633Fc933568d1bFB8cc73311f6AA 0.07
0x755415d501d28E5687FdBdB24102D9dC24940937 0.06
0x39F20169851d7Eec64e04c91D157436990aB1689 0.08
0xe5473e4543a1b0e4bb6daa1e3760fc209697278f 0.04
0xe1813Cb2c32cBc2F264F94A64aB9261f7AEb092c 0.02
0x9BDFE8de483bBCa880cD95100E1661fb24fC483A 0.05
0xE5Efae8511b89dDef0bDa9E09E88C2dd4AEc299A 0.09
0x4067672903E0d38371d82c2a80C684c3EACb6669 0.08
0x1c9fC61d23b6877aB0B7e246C611cEa16FD70811 0.09
0xa9B497Dc21997b13Dd18f49583cc134E3a2914A2 0.02
0xa94c299bac0254f132121a510b2790369d154e12 0.05
0xb628a4e082a97ccdbc19842e3ef9204a5f785145 0.07
0x0cE276D950CBFe4Ed28A92B818E7689115481BA1 0.07
0x65E99dE6BF33Fe82f6aa2A3FDeAF0f8D4512bb83 0.02
0x12B5F9F1b35a6bD1B64e032943e778f012B5666A 0.02
0x11b2Ee87fE713436F09b43be2c31593C885493f6 0.08
0x8ebe3d9e47825fe5ee8e312f3394951aecb70492 0.06
0x3eE85A2f12b46B3A72729af57b2c947758120bc0 0.09
0x360d9eeb0718001fCbEBF98fC2F61C39251111ce 0.03
0xFA89bf95558042b2A5Fe0374899861E965BF68Ed 0.09
0x82A04D2B6B9BBE25E87054F6f4585183d5D2A883 0.03
0xaF436ef194a7831a9F20FD59710A4C1247F04D31 0.02
0x8c15baAbb6F8C98fC5a23Fd82B3780aB8c5F4D8d 0.03
0xe4BF7D696Ab6C98ef5745b379e93db38F493C7A7 0.06
0x47054cf517FEA2760DDfc6280200dc3424f30ece 0.03
0x39Be8Ca10Ae4EFdC961C1A21F6aCA1aC7AE64380 0.06
0xcB690060ae155389Be13971Eff3860B38B63c826 0.08
0xFDd8806e92f28C43cDfd350381A170a6086fE69e 0.09
0xb3417F10D027BCF79FfDC1a8F7C1EDDE24ab9926 0.02
0x5233EBd3f35AD5e34c20988CE27AAb2B1b09e509 0.04
0xf515249E03AA2F5b70f7721dd556A6337748928f 0.07
0xDF3f65780Df8d4b788E3fF2150F996093D12956a 0.04
0x7b75fb744a97e8f161977b4f5cf47dfac80c687c 0.02
0x4F2aF408FF24f2efbCe97e9C1829529AA68c82C4 0.01
0x347e5854f24A9bB4Deb53cc45eB964d2476b7BFb 0.04
0xdAed992EB614c56a397C9216189F0915D507F01d 0.07
0x1e353954e5664a8f0fba608295f49e0bcd1501b3 0.01
0x42540c2c384be9022c0784a760b7c5ee5c9a6e96 0.09
0x5E76e66a5A07Ae953c129c163eB8864ace479909 0.02
0x62569cf0912266b2e22d314a6fdDf66c3bAd88A9 0.05
0x1d5537021D5Dd00AC08435bf03B38ebBFb944C2C 0.05
0xAaf864023353b6f215c4f7d547592B1b5dAF3e6F 0.07
0x276150ca8a0ce89ebc24986b0bada2312ac9442d 0.02
0x78e57517920aE10c83Bf613f1BDd0AF7E296d6cE 0.06
0xC1e5FE13920e2Bd8f36281D1fe29994abB214727 0.05
0xC3614f32757554D95F0D14E344a4423664907579 0.04
0x49714A95cf8887F58D74aC7281aC500cD4cd5c38 0.03
0x8A20C5f5f91A5c7acBDB6d9BC1a066813BF38B9c 0.04
0xcdc91432D6DeFdB1a07ED8bF047099542c44a0C3 0.06
0x72194d34B3B5b0aebaB3340b7Bee9Ef5E6FAAcf7 0.07
0xa28bb6b2a095ef83131da6b3557bed0b2f3d0ebc 0.08
0xd1f0741454dd66aac907554b9590365691012286 0.04
0x9c1842bF35eCAa786D1E586C4D3Ac41F1b0f61B4 0.01
0x1B60e39A7Fd5578CC0320db069B5925e0eA5c788 0.07
0x3CeD2d9Db926cBB6faFBd21822a094CB6132cE02 0.01
0x4FA19fC115098080c9310B3c2c5A3849Cca13D36 0.03
0xa9b37b16d72d9d6090ae2c1b9bb633c6f6e4b586 0.05
0x2235ad08fd26129f02aB64718379a4Bde7DFeD2C 0.08
0x33CF3A45A7d64525fD27B88240838fee73FC19bb 0.09
0xe9CbdD8ef6caf93A787aA18A6a2ad92F900A016B 0.03
0xa7BA7D3eBc14720485BE447aa6eCaE2a5CEe5A20 0.09
0xfe6a817a6441700f2a0a9Af228EE30E3C3a9C7F4 0.01
0x59691df50B85a91CD7f9c103dc24057c1cA326Bf 0.07
0x6f7bc2fe7c9f3eed3ff1491cf6f2a9123d905337 0.09
0x3ff42ffA8f2008FC26B0ff3a05D7C946B12b86b0 0.08
0x2388211dc9B1056F563cDf9E0091B8179D90fBD2 0.03
0x28e5B1F16D8dB62A740B52b8061f6CE00cC29E44 0.06
0x2adaBbc6A4D56fF86eAF6D17D9054F5D33d9bADC 0.05
0x3C6F78e1186CA8E171FA655F307A09F2503b85c1 0.03
0xe9f4EaDe9D7c165990EBDC2F687d9f25998c739B 0.08
0xd1b6016017563342e36ea1baea79c2591d3b73fd 0.09
0x4E5e8C2316f8C089171a7211Adfbd7FAc1fadC8F 0.01
0x8477e61951bfb7C2EE8a4D0B8D232CEB7A06b80a 0.06
0xE6EC83200fA6F55A3aDA624E074e599d74cFfA86 0.01
0x68e089190AC78170be650cA9bF00673CfcB5CA8E 0.05
0x37f1b0430d581bed4d0c1c346fbbea629aea8679 0.07
0x14202B2add8d570eA96cEa844E2536Dba49CEaD9 0.01
0x26D9B75fBF627F56535086548FfdEF51Fa490Cb7 0.07
0x3a787c5f4890c2c116fb1242b09ae905207755e7 0.02
0x62E894701794526c531ECeaF772Fb32C9b08f325 0.05
0xAF9409618dEB543840808F605569D979F9A16069 0.01
0x3609Ff6389f73a55043Eb1A7792793D39605bD24 0.02
0x9B4F74a96EFAc03eDF043067563239Fb8Eb501Da 0.06
0x08d092f9efba216bffab475158b0d901c0a61836 0.01
0x9834103eD2307f22ee7869DDEd033fF6E74554C5 0.08
0xfeA47816f99F3850984125631159042768D0773a 0.03
0xE12C9E893a7a3294B30bf15581550d5C312d6D35 0.08
0xaC7728cc8A738c0E31c759c49Dc3f74fc97cC8b4 0.04
0x824BabB34e266D5f5cC292CF9c8a2D9B19690A1E 0.08
0xF256435Ebd71A96831341a0b284af54c6658bcbe 0.01
0x81014b427e4ee8185cb28d9d4c22784197800a83 0.02
0xa9740c509f10bdb4908507345cace1288875a7de 0.03
0x3bF93265f2094Eb33eBB6a1d5182dBD30BA0ad44 0.08
0xA951C84DEa92a26d245aFF9F9E471bd76264B648 0.04
0x4363BA245b1C9B20E9f7Aa964a6e2453Ae896577 0.07
0x3D20262367a30EE83c87aFCfB2dFaeEee639B520 0.05
0xA5BeFA441c3cb68900Cd00209FDE40fBc62cA343 0.05
0xac92368b51444d8f7dc98d17bf1a17c378f5f0fd 0.09
0xe060Cf252D40275d74F133F756fD30E1B069A332 0.08
0x0fcaf8dEE801651d6abA5E55a080CB10998bEAAa 0.03
0x9501050af4271Fe8f10C2e47c3FE98C98621CA18 0.02
0x6E05Fd2db294026f3c77c9233921a912B7223Fe4 0.08
0x065e109D745cFF11AA9A59971F379349349B6Bb4 0.03
0x81e18345a85917e08256CfBF87e1756370aa117a 0.01
0x86EcBa9d0eaA1696cDd28d657dc707BC9652fCBF 0.08
0xc0ab654928969B611D5734725491eD0487e20bae 0.09
0xe48B63034b71FC40F62142955f351883FBB50231 0.05
0x96360b5E09305e357db4334e9d7f3e6B3B81A865 0.05
0x371Ac0748c484D6424087Fa82752D69174dc3eab 0.07
0x6550d14eA5428d4212cE96feB2f6aa213a0cc65e 0.09
0x5e36fFc9Ff8fdD4Cc3C2b5E15f4db0185a5E2feD 0.07
0x76092d178965442d9cb50985840c7f0e5c3ae2cd 0.02
0x37496deb9F79c7ab97583BB2E36C5D7ae0501F4E 0.03
0x9CBA31e62F4d954AD7FE3279a6b8ED0AB8cCBC82 0.09
0x7e53d7fbcc3f5099b5c8f28d837244d82c8df1ff 0.05
0xB3d556E2E9B4B19bDf1cE79F45892943412C527E 0.01
0xE0036969C0507fB7690DA251Ad39C7fdd99d0AC8 0.08
0x55643bEa213a4E88a977f21C4f4e5927D8CeC2e3 0.06
0x0d378942a10015dDc5B74197cbDb6ded249485eE 0.02
0xF943980DdD7332B0E02905519919CE18a910eE88 0.08
0x394Fbf00E57f01A7EeE3b5673ef86Eaf40166814 0.05
0x8df26c8fd57bf86d7c6cdfdb830db661ca76cff1 0.01
0x908bD084D65372c2b7A00Fa580B6a4467E1D0d36 0.08
0xA71986B67bf49561708F34B0a325cC6BeF6C96f3 0.03
0x49e031338615B93E1065d3B9Fa3723B5832e75Ca 0.02
0x162C43a69Cc59Fb7C267a5864E456da34285dDe9 0.04
0x75a18A66A81a16213a60280C974a809700fae14f 0.05
0x6FfCd3534Ff4b215F127cbfBA7197231E89101a3 0.03
0x7F7F5c2EA3d0afcd362D50570673BB814fA31F13 0.03
0x534B64178E3999A89197D7042d02422bF4E71BC7 0.05
0x50a72d85e663a6909fd22189ceb9552419b1dd1f 0.04
0x98ebDB8F5907a91bb7A1bbf2D44e88D3De88594c 0.05
0x08d6e316f8d2ca7dd131ccf63bd1140dfad9f022 0.04
0xA767f9616b9f55440765508f39d4A9b57957CB5F 0.09
0x3f1c5a14C65455A97c43B55F1bbdAc4cC2ed40E6 0.03
0x6E99D8A2B6315850875Cf3852A06f80Ef311C06e 0.04
0x06cb7f8F15FE6929682c2200489C6ab60CC060a9 0.04
0x2b231fa6e51ea337519803d28e1ac825490e04b5 0.08
0x9c0f381c21dE0A5468D39588044E193a48BB7131 0.09
0xed077d1e8b697AF594a0343cA455040Ed276bAaf 0.07
0x3B0156572fA06a69bF8404Ace000c797024dc17F 0.03
0x2c9ba2dba3defd0c0fa136c1aff90241aac8fdc1 0.03
0x4F1bEC469f7C207EfCC3e9cA0518D845fFF39574 0.02
0xD10EAf967E0D03541CbF1c627E9053c01ff2Fc21 0.04
0xA4bD390711bb34510BcA6aa4c35758341D2bD6c9 0.09
0xade838b2a0efde5c05925a32e18d4e1eb2d9b148 0.06
0xff62Fe3eB3490f921AF4419E6bb3f04707B414CF 0.09
0x0A20C12a9b621c6709A62B95C2825e41f1d4920e 0.04
0x0A90be22a7d87b4112C6E48d27A66BFd81313867 0.09
0x7626328782a1aCd2fCb4b0791e5B29Ba7d33B3b8 0.08
0x004005B373Af14abED8638f5eCD61DE7B3b50d36 0.02
0x194f7445213DB4e497d66Cf7199DFA77CaB6a319 0.05
0x298DD2fADD507035EF070bb6fdcb6Aa54B184E07 0.01
0x4A00961BDc78A1B50ea3cd425B22aF71b97d4b06 0.01
0x3c2365a702d68480FaB7c0551f21726536f6b402 0.03
0x91a62bdd00eae699066c2adfee81b28835f1cd11 0.03
0xe286ED427DF9F3D3FE310f0FA9c235b768c8c4b8 0.08
0xf72a02ef1833f5003e4b46f95dcfebdb2e83ac13 0.03
0x5aCFb9C360D43AaC1CB0666E07cd73bC5a0B2D16 0.02
0xDC4F469B5021c0Ac7b39BB13D2E8066f3ae06c03 0.08
0xbcA2e0c5e3d647FD9d8C558412d1016454c9d407 0.01
0x2f159469a96450E158fC8Cd6622888783f99b7cD 0.08
0x1393d9e23A771b7780E4f5bb31F53B310ce1D301 0.07
0xc5a9e382AD0397B47388B6373d09344646Fa3f8d 0.05
0x7dA3f58A84578a3593EF3eb231d6F9b6a6668088 0.08
0xf3e27dec24f495b490BF85d55F83288d006737f3 0.02
0x746095f77BBBC7BB685E97F1e4912deA2Cb31f0e 0.02
0xD50A69D72ED009e1001e2E93ed50Fe57730eca22 0.07
0x31666fffda3dd1de93a9e0097e6d050ed269575f 0.06
0x31ccF59fA3462B2DC81c4A883a0924e8eBEba118 0.06
0x50e4d1cef63eef828c4aa1a6e7bd45289c0d44f5 0.09
0x39056F553E9209213F02f054E08Ee2F15Ac7A7EC 0.05
0xcea41dbbf4f17029260f4a7150fbeefd502b8a9d 0.06
0x6AF5981080DcbC6558ef1EF6EE7537f7E04CCb94 0.02
0xbde0ba78eb98b597037Da87FC8E0181C476Ec534 0.07
0x12368456d88f505e354cb48aa4da7b94cf69d8e7 0.03
0x50c739DA6B64610fA1F69d7e5cb23CD8A25026Ff 0.07
0xA87c2F728f49ea4600837407bA930993d0e5a7CB 0.07
0xD30d916BeC904D6860C35F46B2cEA181E07c55C8 0.09
0x09f9A3296F1D9262654feFe0Ba4997598EFC81b5 0.09
0x7376053dF2EB81aF713224CeB2c295269e37F927 0.08
0x2E0e9D717D221fC7dcF2CC8Dc23957FEc89744A8 0.03
0x2147F43D26709edF16E1E48EAbB4Bfa5117dc1C7 0.09
0x18100Bfa53531Dd79F7013f44E08e461F64D5ebd 0.08
0x2E4e55d93937122Cf9Ee9BBccc85871837CcA451 0.08
0x1Ac9B653fE615285FD7C50230DE97DdAa80766BD 0.04
0x9F622674a7b329052a7B710DC22A4F5Cfd083522 0.09
0x83753860928782784dCd686217fa312BeE837029 0.01
0xFDF2662DA96ab56B284bd014566c5c4271E9e783 0.03
0x914555f29a7c313028821098162eda102ca142df 0.09
0xef6021e32bb4326bae149c775d66b34175a2de7d 0.06
0x9148279c245423723473a8aa87aE7e71416Be260 0.01
0x4040F6A657b025d711503F1D741580bdC08040fd 0.06
0x24d79dccd22d0701c98725ced7a6f301dc37aff3 0.04
0x45f03f830e5d416e13f81f47259f8ad6107daa34 0.06
0x9d700c6c48693723c47201943703edda842d1fd8 0.08
0x76e11EbA87b46082De39d21f241D2AC196d74346 0.09
0xFC7f1EB39164691AbD982Edc4362398c136de2Bb 0.02
0x4f18b06fdc138fa2ecf2cf6a00ad371859342610 0.02
0x8F332298fE278C92C799F47B0aCC463E9842aEBB 0.01
0x10cA30d5E7D6b214b2F5DdA2f28A74Df502324c9 0.07
0xF0A7fc9F4D52aF0ffD37944F9aDE2F11C237b331 0.09
0xE6c47c5241B5C1C58e7CE769D9d6fF931CEF1ee2 0.07
0xeb84D1f435F785a1A65ead18667FA345Dc29ad22 0.09
0x69dC894F10322bF1A4Fc9277f6e840D49c01077B 0.02
0xdbab6f4bf83ee03f60291cc2c015d8470bf1b13d 0.07
0xbEDb435F22212A3cf1ef9157a8b61eaF9eD637b9 0.02
0x2BFB96fbf27396E1974AB77C324302d75Bcc5f02 0.07
0x077AA013AB44926d7292A0659B415C7bfadf9c2F 0.07
0x3434A195f674ac6bCC4deB6Ab6B68527A6d281eD 0.02
0x1A7505E0F3eA7016480A632A7b41F8Af63a2328a 0.02
0x7e04146aB7dEff99e15eDC330d6319943dd8c99c 0.09
0xB38F814fDEd0128e0d7b90a2692E782931568F3c 0.01
0x287e4593B4559a234C43aCDf006c8d2fb4F11823 0.09
0x2a0d72739aa0fe8968cc9d94eca9e8ecfaf66553 0.07
0x18C912ec5D34E6AD4753aF593F56bE3931a6b3A4 0.06
0x0d8bfc0b053d08da0219afbb50dd94b1384387a6 0.06
0x85cd154559F0D0612c2cc739A29d6AdcF2acEaD5 0.06
0x373bbBe24d687a2901a19AB5BEB4b7B81D928075 0.03
0x7E12328318e2a3C224fC4C71b1ed72D1f3c6f7d5 0.07
0xE7fe7632De65A0C2106711B94468E486059706c2 0.07
0x203C0ec98A7EA642b7dCC7cBe9B03467cf86DaAA 0.08
0x814f619d3f539C6Bb838fCb1b6021AFB663dd57F 0.04
0x4f24edcdef9c711e4170c81f85826b14780e7db8 0.02
0x3524ae52492027583F046a05E93da69FB41db63E 0.02
0x9a76A920DD1bE1A93071161c9e1C7aD4f8b68770 0.04
0xee40dB0f6D4b4bC34a0bE9e8b57E862C3E25eA1B 0.01
0xE75f39F74f50c73E2D2e0c4c7D81FC8B30c41bd8 0.06
0x511a9d8744e03c5da8ebc74e1bf69ae0b57e2afb 0.02
0x881FDF9770e35fF5962AADF5B5F124196e485941 0.05
0x412d5a33A47792b2D1039f75cb4d04a41C9Df39F 0.02
0x984a926F0F614bb16c3CbBE9fab6cbbb315dAb49 0.02
0x92723ccE398c0D8e079eF229EAf0ebbf7240Ff50 0.04
0xa3f140de840a87480738131f80b8fe410ec9c917 0.05
0x9Aee7cbd3d7DDB7BB190Bd7Ff3b37cde75F25361 0.08
0xe3C46bfC4D94DCfb014b44b3C59217743FB4A652 0.02
0x281e9Ef4c9594D65170Dc3c3BB8d731992525Ac5 0.01
0xfbe8ff7c5a0bf5cd2030574ede0bf17e1ffd63ba 0.01
0xb857e0e716cf304904d1bcead6fc6992b2cf0e62 0.01
0x2621b3706Dff6809cCBf759314F7D7aF8946c4Dd 0.07
0x9DB3e0dc114dcc94B47C37B9285cAFE1766D1027 0.03
0x3Aa76644b223cF5840D29EA970dF7c50cD495402 0.01
0xeE359A698F925601C4ea2BC2A3642B93e67aCceB 0.09
0x0aA3D3111D88e6c4ff472Dc16E03e2D21A2f433e 0.03
0x91078E141f0f328Eecc1432a3FC258cDE4F0c170 0.02
0xea1C58776B84B86266aA3c8E658D881E8cB1750e 0.09
0x973a8cc97D1E500Ef989621603CC77902cfB7bDb 0.06
0x8e740d1b3FBe8f1297d3A1df606F28550dA7A87A 0.02
0x82A2342d868476b03c6b78869CaCa3258C103dEB 0.07
0x2cc8c32020a229606f6cb3803c2087ee79d1daee 0.09
0x053354720d69D58290F45C2B52Bf2D835A5f78bd 0.02
0x237cd9cb4ce187c72d2646d40fd5e537e26ab4b2 0.02
0xBF39f5c10B8f5C7484f9542A40f6a5C34FF90179 0.03
0x46ca08cd423b779DC5Cd73665AC593d05a5a73d1 0.01
0x63d9783c6C6c806411E654d19BdD9F00463Ff958 0.07
0x7e2415F2848AA6023CEDc420148B835AcA7345E5 0.09
0x683d75Ad1cb1f49AB6Ece6578D6d305E375Ad56A 0.05
0xad8A0b1F136Cba2e401416b45FbdB226dAC5113A 0.04
0x78acfC73033335a73aADf3d706Cd07431a9DE28c 0.05
0xe3028F85ac5664fb9260A1Eb22dA17455342a180 0.01
0x13f6e9c9a3933e9037ad289a83531eb94ca8d378 0.08
0x943f709ec595bb4c97bd750bc0eec41eba73ba8a 0.05
0xC3365Ef98d9dCecc867fF7c9B7C9776BC037c0cC 0.05
0x3c22aeddde11c29ae9985db05b4c7e6040d2c6c4 0.07
0x58C13D30369b8Ca3301DD8e8C3fccBF0c56BD663 0.09
0x6853a166Da1B8afC56224FC4937FD76A67652aE8 0.04
0x84C3c4B9b2919B10cF19168E2AADB4758eA1D638 0.06
0xB27B434440dA475CacAc7D0De5DD8Ce8706e73f1 0.09
0x7BBE461b35f0911Ef3BD81DA59DdFf67ca60D66B 0.03
0x2dd5722f559dd5631cbddfef3533c933d39864c6 0.04
0x955b2043239d74116802724a33f575d4ee0e4292 0.02
0xC9EFbeC9753eaA15066d3057e96225dCbf80333d 0.03
0xaf7bd6dff2d1bD02Dca0EF8899BF45aD6d365758 0.03
0x2aDc97F7609e30aD0E2DC0b829cba026549661a6 0.06
0x877B6209b0D1f25A0c9dC79c0F61917745C773Eb 0.08
0xd9282baf42e08c0d21e5977bcc8c263368857378 0.01
0xAF34B2f3CA24bfeeDaFf980a9bFb35077A5aFd70 0.02
0x62807210c3894f25647219db1c195813afcf026e 0.07
0x42F724632973a102b7960a232231C66808B170eB 0.03
0x1f577A67B7f03d6346Ee8112581350E356b43A89 0.06
0x4BCE51A4A8c55571e9E1EB54E09D16D8cdF14582 0.01
0x75c47683ed484b1baa2dee2d38078e30ecfb751e 0.03
0x08A5A740Aba025277F151d22d15Cc7c75d21cF17 0.07
0x7Ea26495a4a820016bC5d2e0e3Ddd5f90db1CF7f 0.09
0x712d3dc3aff96444f452c295642fb67765735a23 0.09
0xcfd4cd4ecac60a2c76d842962293b6214a4e0a44 0.07
0xa555459dF9d3377042DFc619b3598E078fD2723F 0.03
0x64f6D971b2651b6D1Bca3B18B59E9210fcc24a2a 0.05
0xF37b8F934705860f164E2D915c75EB8DCFbC1C3C 0.09
0x7929f5695521Ac0890DB4989d0E7127968495eda 0.05
0xa7e6c521c0af8d75f390c25d33fec87fee0a6299 0.04
0x9f28e685c5cbd4eaf61f64459b3e7461121b8461 0.06
0x1a38735a48B7c8Ad4d143999EaE5f7AAf9c8721c 0.03
0xe8174010B3C416173E2A300b83F12F4C6D231E9f 0.09
0xff8c5843e7abe2708037fc1acdca83b37466a299 0.08
0x65fAb15FF1984319849E52F05A260e90f252643b 0.01
0xAD5C51888DB8F466E620FEA75ED2913a69943f75 0.07
0x929c57bddc306357edb10ff43c9b9d259993f8f5 0.06
0xc8ef0d885d8dfa57f8bde5360662ae5f209c4d2e 0.05
0xeF53967A3dd079Ce47448017cCD3202Ba1255887 0.05
0x3bB01D8a1970206e0Bf71Dd949697ef37C432803 0.05
0xa9427f01b8f96e2ef7d770109c13da9c397038b1 0.06
0xab1df065cD07d5A516900c98aC1e9059dB088D21 0.05
0xFef3345Eb0FC494F2cbDf9DA9B566F343d0f5AA8 0.01
0xdE84D63BdE95eB8f80f57BC5C7593202662f701B 0.09
0x4c4C25342AcF45b9FBE3D18929c2c8B36538bC19 0.06
0x17de233cac630b3d842b5065534754adcebaded9 0.06
0xCD7A7d0aa09b1C4b17ac9A58471ce969FAFc918B 0.01
0x79940Db57764b0514420Aa716b79E6AE12201135 0.05
0xac35f397d32101A7538f313E162C21EFE73D640f 0.06
0x5982df94A7901aFa20387345a54C1Ee98F6CCB9e 0.07
0xB44b861058f39b7c29eea6B2314e8F4c2d2a1C6b 0.06
0x605Cd5e7cD88E88d87E701Faf2ac06d46A6eF41d 0.05
0x9F9451400e7003cF42390C288Bd04AdE23A548C0 0.08
0x81BB785aFd2b4a061fAFA9ec64587b8F1078A9Da 0.09
0x6FAb1Bb77c2ABF57538B8D294FAf142BfE36b658 0.04
0x2A4745e77b460fDd2f8F6b8Db4CfBB76151B7abE 0.02
0x99b044709E8985da5c7Dbb40B87b9Df16db9631D 0.01
0x64d979eba985ab9d245abd1a6f83421f96e737e1 0.03
0x5bD7b93A113dc843881D9ceD958f2CCA93d60035 0.02
0xd1E5D26E12EA6Ba1b73fE495A6dCA994760FB53f 0.09
0x57079cb0263534DF05e81dE24811fB71D2cD8656 0.02
0xDf4c6922f3a28E900741A43eBdB0B003d50dAE06 0.02
0xb653e5d5b028f06a89d6b4b7d8ed7e2e9e8f5f72 0.08
0x3c8e3afe07b0378e968c6556924cd3e62e8ebfe9 0.04
0xD07E3b7323198dC47195d10E989Edd041A7678C2 0.02
0x757aE9B513309B724C2890dB4B1e29A7d05fc2F3 0.07
0xBA2F190f2148A9418ca269ce9720Cb8ac0D67569 0.06
0xeA59f8f86729aA49713692Ff208669Bd0fC32436 0.07
0xc01AE3810446e77FeaDD44ad6843b5e082e86F19 0.06
0x8d863dc0DA6916Dd465090A80e270B270Fef2C68 0.02
0x4f7e99e131ED220986c9Abd7193244CC91F20171 0.09
0x9a4db655261c16e894eaed220c68190722fb14f0 0.09
0xc4E4FD47AFB2f4125e06F7b1416A03FBa29C88C8 0.07
0x04362463Fd14a87394CE2F3f249348D5EF358497 0.08
0xD07D84F77451C9e8dF4ced936cF4937C24f571e9 0.03
0x8382F1A344714640A6Ab69eAe9E8dd2A676344b4 0.04
0x9868f2a3034bc40645b1080b1a49d1f4dce2dbbb 0.05
0xd98dAA3E9E282A7512fF72d180D8Aad05f1fe18f 0.07
0xFc2295232EAb26c686EFeA8C2C23Df6De7a02F40 0.06
0x5921a266a8E64eb59Ba51D99314880787263Def4 0.02
0xfd54480d9849ad6ae948b0c45eb5c5184fe63f21 0.04
0x46F5DCb649ECd1135502dD1e9eC77AbDF40d2009 0.06
0x5fa55b75bbd5da547a5080365adf0547e99b68fa 0.01
0x7B46f63c35C9e9818115aF18a2A8479a0791e171 0.03
0x3E0CCE268e888C75b2Feb1e8197028EB92218daf 0.03
0x677dF8cE57FeB6d80627EF005539d10Fbc6c2717 0.04
0x1315c3ce5d60a9f6f393f7726c7e027216d71565 0.09
0xa6F76A7Fd42Ae0E13054Cd2f117921ff5002DA76 0.03
0xE68C4DF034679ce468f9957C6d2978dFF2e0a0C7 0.08
0x3a2c1FA1b447b2684cca40EBBB5B5E916a556285 0.05
0xf137a8fabdee35274870d9db18590b3c7b407ce1 0.01
0x2BEC575FCFdA91FF45715e6f764AdCA6CC6df76F 0.02
0x0d3a8a39cd546279b6b0ae04645da828504e8800 0.05
0x7156e5ccdb3fc00d708d0f9fac8585ee85ccc061 0.03
0xdd6e2cFfE9C3991905F10bF4C5D30750a09e62Fa 0.01
0x4Eb1823e9e20F94AB23F2067E761536652653A25 0.06
0x9C78C6a4224A7A6480872a5fC21B0ca808E8eAba 0.08
0x0Ec90c45e47c406ddD122A1BE959Db497db0Ad71 0.08
0xd41C937daffD987CFf40F46B6f461EC85106B21f 0.02
0x7893d126f039174767556dd02b03eec9fb5ee79f 0.04
0xfE00F3c32922D622F7889179F7c9885ddE9Fc7AC 0.08
0x5F4e6527D8BbA0E31705F1a9890e0FF4311EE6E0 0.09
0x8585853e4b68c0304e37c672bae805dd373930b7 0.05
0x7EDFcc65936c45F257eFD1485cDbE1374DBcBA57 0.02
0x3b5B5Cd7fd781c23420109fe2Fc193D0762b3aa2 0.08
0x616Ec68C4177767Bf576A91b078C301ea8ce14b0 0.07
0xB8078e4E1f9a99E2Da6eB593A0f0C456882377b3 0.04
0x5fddcd9e298d8f56cbe81c2be21379acdae6189b 0.02
0x8c5b6795cdAAA7Cebb0Da2B3c28F91753c2483D1 0.06
0x5fc42f82a6bc4e4bd6118bc70f1b8fbd5cbfef37 0.02
0xd468E0afF33E81F991b16e4b36735EAac5442f3A 0.08
0xDcccbF3001b02fc20894446F20E189c79eCAb47B 0.07
0xca04C97d7E6E5003863AB3603F69D743A66E8d37 0.05
0x382473480f6294534a1fb614D3cC28747C6a5113 0.02
0xA05A3e96Ed40cb3dB9Ec1C5549Ba303840de179f 0.03
0x644f65024108b70873F7423a175A4f8187D38CbA 0.08
0xf1992d8d44f9e6170998914cf85f9f15e21318bb 0.01
0x230330b5E8c7209c6ECFCb9Ce22C77065bf7e2Ca 0.01
0x9A2E17bf1D00fAEAFebe1f8E1Fe3fa4f91991A84 0.09
0x1182C46Fb85f0094702fAf402A7898b32315f75D 0.06
0x1b1FcaA577b99663208a3cc6FaFf209724012A6C 0.01
0xD30128c35485F3ec7a887E8765C2F64587AC1aB0 0.08
0x8052fF2677C1729a77B5fA5D0bCA8a4Fe2236cFa 0.04
0x6CC9C2c67E40c191687Bc45D0F28b1EdC27616bC 0.05
0x3DF0A3dc8047B809282BBD94f863473b2aF75eB3 0.05
0xb4919d34a4e35f4324d5bce3dd1480f343a019e2 0.04
0xf2885d068B4a64F9Fa0fBd5A395DC3966dE367e9 0.09
0xb0085e65491C4511441E4F6e32F8063B94159788 0.08
0xe40faa995a4d385be7b46717957c14387a96cb28 0.03
0x74D3e3Fb50303a65b38Ab9aB7529C6C9119f6b2c 0.06
0x2FaDaaDd3465AC8e4b4cF1da18684f07B902973C 0.07
0x2aBB4D35977155857dfE15aF2e95897D2Ea368e0 0.01
0x3A663169d2F7fDB3594e8Faa1AfcA38047abC262 0.06
0xe020abC6Ed3817df8AB02B6eae5Fc25452e163b8 0.01
0x4795235e2cc43614870331af3a887d2AcDB56bfE 0.05
0x09D8B85209929663C2D2ee2B11982Ce00491E63d 0.08
0x5503e97e30f6a28dd158d2a0a378bd71c61c526e 0.03
0x285bf198151B75cB3586e2ED8c7580823473c04E 0.01
0xd483460E99F197186d9C3c6add828cEfA7a1BE22 0.08
0xE238810a4B4541701aCaAa65BE5f0e644Cc271B6 0.03
0xB35da2ae248C33dFff1767e9c29E6AcffA2D6EdF 0.01
0x0F754Fd72741fDeEf02ee76203d0254A8E94DafD 0.03
0x70b3dc361662f5c24d65506774e4054e8d36b4f4 0.07
0xa5c15f505aB0F3d547E7134760F84A80909a1708 0.08
0x4ecaEc28B393bBDbDBF08b21C49c42Cf3BF6506b 0.05
0x897e9a414cc4d42bcbd0784e76759f06c50db2d4 0.06
0x6bbc2ddb77c7369d45884b507d1042dbc1be28f6 0.03
0x021ad2e6a5c5c6182d1cf4370df89c97ad06305a 0.08
0x6114C3F5945AF565Dc571d26199CF77E6C039FEc 0.01
0x4bcC7fAe0aFC62BABeC56416e8B746C4Dc382919 0.07
0x339b3CDcc7e56113F3bD58E92e02F4372572a50b 0.01
0x4dBCC6Ad74431A6A95633CECC00E097b4D3F0Db0 0.01
0x17898ED2250d8d7FDdc3CD6c503372B3F80Ee27F 0.04
0x0fC58b4977D8901f15F3C86897ae9D8A1CF8a7Eb 0.04
0x2ab4e9b8198ca0709563efc8e485fb10a9b2537e 0.08
0x4732AdA79cB1589aE7971D0F27Aa7FFcB7DEd491 0.05
0x5d0ca560edd6E928d2B1828B61d0C02a29FF8FC3 0.02
0xf0eec31363f22b13c052b32a3ac5d061c328421d 0.04
0xb5CDF527FF06C96E2B184654a00778D74bAB76b6 0.06
0x6050F73F465730712B5c6f2B8F0747eB752D0FF3 0.06
0x5c86650757029E2B5c1fb27c7E53aC353b11cff4 0.07
0xf8b978C13D0cff1fb34437b59e969BCBdfc904d9 0.04
0x73Db92909120833DA9545EF074B816Ca38A2D77a 0.02
0x3daf0c23d770c856078C0aF7074adc997E8ffDAc 0.08
0xED9E71D4A260deEc95be3Ff198d8E4e778Fc3AEf 0.08
0xF209017394cd7Be9055b5F6eB2133e5c570261aa 0.06
0x76d21744135e456d309fbb3d7d058493a27df69f 0.01
0xcD2ea4b97936A4Ff4fE9cD214567951d7e872a59 0.01
0x365786ee40b1fe8607a5e097345b36d64717c4da 0.09
0x41EE5ef65b497A3C9818Ab76382Ae97062581bB5 0.01
0x015D80Ba39EEA1dbEB73E08FD6dd2e0117Cc0897 0.05
0x82CeB1A585e141daC5c6Fe747E82247A71363e95 0.05
0x6104e2e98b1a19581252eff5847b56a89de16cb5 0.08
0xfC6552DBda71d446fa883a3Da20AF697E05FBfCD 0.05
0x73C6c0e02649B00C42602Bf81AA3B7a40Ff1CFF5 0.08
0xf428652b3b32bfe3ffa8f418e3143bc1f7f5dc39 0.05
0x5Cf7b2686309CF8Da90138255f4B0CAff6754830 0.05
0x58644ba9BcAD27Ad67c7DC632f71F7EB14D5004f 0.04
0x70bDc1b562e4411CD93C38D08c3d1b86E1aF77a9 0.05
0x8934E00352266d6646a0E1e55f897d05b42B6845 0.02
0x6b67DAAA69128E71D9b7E248001efdF15727CB53 0.02
0x8cfa9D5822b2533A6713bfBb09251021B65098B2 0.08
0x811aE2ACAEBfe8E8e55D20aC4d3dB632B8001569 0.01
0x1a8329AA4c2fCFe8E11E79f404B82922b1237efc 0.04
0xEAb504f22bd6A9D9370db5C61e400ee5fA94BcF4 0.02
0x8dDcEdB413CF8a8D712B50e3e904c19bCf6eBb49 0.07
0x68d2b5d3900196e4a5660b59ccd4ef3605ac9d9c 0.04
0x69DF8304d24dAe214939935D13757da88511d034 0.06
0x4979Ecd5227Cf63DC2fa1E883b4451e6934058a3 0.04
0x2300EDb75E2bf821004BA4F02a50f9acb5820C08 0.02
0x79A9dB7fb06B942613D8A460e774D8CCc5c06C1B 0.05
0x6dC0fFCbD63FFc44Fc3E894C464975F96B04490d 0.02
0x2098324bbb87d88e0cbfd3e740e6160d44d142e8 0.04
0x08037BC72b3936Be0831f9Dd3c6b3C16E9F9301c 0.06
0x10EB8aE1AF2c75834166d3b13E8Cb3e854Cc1b94 0.04
0x09D713130Ae1A8562E9a64A40Cd5AAaD6C841548 0.03
0x68d981017Fe28CF7d58e49f0F90F59C82A900FAA 0.01
0xc76f364b0f38bc5dfde3fb51bfd410d855dc321e 0.08
0x9d6fdc2ae77042a8a05673751d371471037d9d21 0.02
0x18441Dd8105d6F142BD4Dd06af9c12aB609F06CA 0.05
0x50b9bce94523e7AA0d2B7B3cA0BF7C12653190df 0.08
0x6F525DB2e188025Ab786CA6EddcEADD03d67bbCc 0.07
0xD35e5c326f039dA0baAB19AdB878a7b0f9A49Ccf 0.08
0x8c26fd54c42b06593258b86b9d0f91cc9e5e64e5 0.07
0xc9faF82Dd2d361AACa78ddb5a6607C3CEfbAcC6e 0.06
0x1cE58898c88895920AD9499E3AA6eed7007B0C58 0.06
0xeC0a82aA3f929138DFA5F78236ed8365Ef8E5F28 0.02
0xef9d94a9c5f9cd51ecb7ac97d09fd26db0e088a6 0.08
0x3c2828BeE76E209D5F1f34763fCD1149A875Bb2a 0.04
0x077245e5c968bf87ced830a373d35a87dea3d432 0.01
0x879BaaC1057A8b420d649fba57F9E826B1C282B0 0.02
0xf3ec361317a94efba31325cd524b171bcc919150 0.06
0x73ed6663eea83c0c3a6cab1f0cef178774d79260 0.09
0x342D9e9765E6A66920512703C25Ff3e9847100a2 0.03
0x5Ea78f7860F7903Afbff4cE4a03B865dE120F869 0.06
0xe474ee2809acf5d3d022601ba0a907eb9813b72c 0.03
0x12e18A397317b46b4F57E4C55B417bCd0C39Ad26 0.04
0x9187779d3B38b52003Bac756dFF7Da7B6fDcB02b 0.01
0x7514d84a1757efc70c3aca8c9d80c22f40bc38c9 0.05
0x32b96736edc11B9d22691DF8203B5A208Df6774D 0.02
0x9fC909f0C91729d8c5440607e23483122D608257 0.09
0x1eE2BBe55Fc65163ADc3f63716053Ea9F5a4FDf8 0.05
0xF865E50951E88a9ad1C6Aff5545255520C0A8199 0.04
0x3f3A642CF6F5fBE19ddB53aF164aCB22e752882D 0.05
0xB90A628fdf4aE0808a797E9A7a5B7Ab3c14f630B 0.08
0x7511ddbea66788c139e1b6a403dc6304c8bf52d3 0.07
0x9603C32315439ff34cf6f57Fe657A9F852504a99 0.01
0x6ef7b8946b5B43AC46F44b15fbf0Ad63FE2e6c44 0.05
0x1E8a1c17eB61bebc16D94E3A210aB1C7c79B9bCF 0.02
0x36c84f933f57d01847cee7bf792e53b0ce529154 0.09
0x9f2490d96c49076d47bb694b76f441648eb4a15a 0.01
0xbB42AA9771975FDAcF650623F22627CD4da30AaA 0.07
0x601c60b9De80cC7103184a3b9438583660CAc8AD 0.07
0x56e6CF225D1C34843e9C6e4AEd5431fDbEfe5768 0.09
0xf06c52119f39B83a3887A88B524BE2aB382787E3 0.02
0xf010D9FA32e32E1a797f7b25A99333d6a02caF63 0.01
0xBBDF503870417848e79C30Bc69cCCbb27CC08F77 0.04
0xbddcf8a3ee0b7391ee412b332cdbc61299de80ce 0.06
0x8cfb67A294F87071eb7C2aF1564FaFB242577AC7 0.04
0xd9a8f1909bf7d06da07a6facb002f563486a5a6b 0.07
0x14a4b8963857F9AAe58fB2C1D5fBE4fA676DD203 0.02
0xb42eb0cFEA01163fE77a3656bf3998375bD226B0 0.05
0x5eac9F455cAc96D5696854C9EccF6DbA68496A7C 0.01
0x84b34F61D085967dd36F4589C8965F6028df5cAa 0.07
0xb46c154cf3c9dbd9f8113c67eaa0bda59c1523f1 0.05
0x45Fbb3044bb3C94b580cE763e5A1a851FFbA2FFa 0.04
0x9EBD49B4eC25F31C72cAeFF0C3d105D39591c4Bd 0.07
0x3E526948A3dA85D76d0c2FAb62c2F8FAd6b5A3B4 0.05
0xA073bC40Bb6086Bd44Acd2349E7e2b25F576ff6B 0.05
0x6F5176d7D72C8fA6764A561B8aF55eaf8D6eFAB9 0.07
0x3288f12fB7Bb046768c15A78a1093d1F49dEc2F5 0.01
0xB059FEF7A01C63e248F7be62B0835f869cE1025A 0.01
0xA55cE7A7C154eB94A98C61237AEEBF7d6060094C 0.09
0xd45Ea52b0aB3053A9364AE713318AB3EB4E7186B 0.08
0xA50F340CF69D763C75eb0E5C098503ff9e155A37 0.08
0x241C2a0a0c114b41875F0BD0a8959465cF3Dd877 0.09
0x0f3460007d02ec66e5f60f4bf7a22ec7fa9166ee 0.02
0xeA09f6FeDEed0308353070437137534271B166f7 0.08
0x20d68b99d25dbd4765868476913c111b0b5f31f4 0.05
0xd0F6A0024B21c7e9732884bb23a7BdF3D7c24a1E 0.09
0x7b7D8719BA23A8E4aAb0860c917b5B3aA0EBE41c 0.09
0x00ad3859785f6aBcdedF48d089DeBd0043c65E90 0.01
0x690Ddd5d88628200dD7D669A950d2Daa0AcD6521 0.02
0x7668c55D7413B2C6B3c1Aa1f641E4Abc70bbB591 0.04
0x828d6C0960F2de213ffad110dCE1fD2cD165bf00 0.02
0xA4476559BaA3e813587c50d12f770c6F68BaFc3A 0.04
0xCC1E48Ba891eD25CaaaeEa656A66292fBae525Db 0.02
0xf299cb8c5Db4FD96a8Ff57E1471767BF89Ff8b67 0.02
0x143170D4f9bACB9f7D3c6c897EEea2Aae428bAB4 0.07
0x22C2bACF50756bfC504525458B780Cc48450B719 0.01
0x1bb137eb385f4753474a7c3caf1ff1f834e62725 0.06
0x2a59e629639ea76897253e77fc9b84d3ba8c2aae 0.01
0x54f03D7c0B9bcB7FEFd04Afe4CD96807B51E6714 0.09
0x1bf99c7E44ed1D0ACB02Ca64335983Dc4d06aA39 0.02
0xddcb0eA4a3e05236742511ec17DA69AA2A0F2385 0.05
0xD9AAC885Ee748b12c6fd10EA35020B5Cb625B808 0.05
0x63Eb305C17A82eA561BD8dB14E1a59bBeecB74f9 0.07
0xcad7E478bc66F879A6E8502E6bE49509939b0A49 0.06
0x45BE32f3A8f96BdA3167694A27C30Cf29B9Aa925 0.07
0xd02d46e26Decde73E5Bb4D7ac537792865CF86E4 0.02
0x011014cf2E3938ba225d6aa20fEAf2bFa7273A55 0.03
0x6c117ce942977180f44378B6521E57CC60F1E7b0 0.06
0x3E203F300b2B5fE789c88702A1A5c0aeF6f7852d 0.07
0x27def0930005f08f507d28722344e341d4f21d39 0.03
0xfDeE18647733eA6C316A65B19F26c91584DF665B 0.05
0x3eae4eC1ae9f51ac6fdA0b04Fe5C742baF91CF6a 0.03
0x66cc1296bfa790d2a2fb276adc579948ad96b0e5 0.01
0xEd60169F1a4Ff4125270d289169a3325fE529c66 0.03
0x53C4CF94ACD958Ec1076Fab8E9acd90f4B15A8fa 0.07
0x04fab79f24972e33e4cfad2e04260a3cd345f17a 0.03
0xAdc7d3d0DE7856afA0B8e0fea516ed7042a836C5 0.09
0xf9d2c9cb6fec4247a6dda30180ee4562a54cfa57 0.04
0x5A4718240baD450a9003888959C3eEcCE465019C 0.04
0xfbd64b7ea414d80347b6d3cf4dc8cad568808fc4 0.07
0xa2C620c1cB2958eEEfCb78a8aAEFc8F02FF9A2fB 0.03
0x5e287E3C8521934e337ecB16ce4a6caDfC75a66E 0.09
0xedC47Ce8D12B74Cd241AD42e5e0E64ee3CAfa3ea 0.06
0xebb531efb90d1938b43dcef6605d4823feb2d42c 0.06
0x0fa0ceed8d61384bae293a0d280e234b27a87559 0.08
0xC3978639eC79A81b2E3A9e3875ED3831F50B38c4 0.03
0xb66756e90Ae0193769F07d777C0E431e50f0D89F 0.09
0x808CbCAC97dF811E0E3E91a052f71EA454010724 0.07
0x6392350313677e089400737a15d8e366af0c80c3 0.06
0xa5a753a79cc683a84ea8b18390c544678fd85618 0.07
0xBBfB9ea50e1C16B2BE1064f8473912020026e47a 0.04
0x8bb3E2C2a3586409152eF49335A03CF4116a3412 0.05
0xFFEA31bb736A56CCBC94Bbe2cDB31875003aCa07 0.02
0xe0d8274701bcbaad63555712b53f72b0d099913d 0.05
0x4ca3147da23E53a3e91F03aD1B436114D4f6b5B5 0.08
0x228896f375cF9de89e46AdE673117700eC39696D 0.06
0x1BF755a9c820DD31D53bB75ACf7639ACc4B65A7d 0.07
0xf52cb00F86Cb4c8101ae5C9545e1E1D6B9D8a942 0.09
0xdc13DFae783086Af67445C69F6D6aa4b03389494 0.04
0xbb1a0f7b81f546336e3a961e489bc9334b5fb266 0.05
0x79897Fd0a78BfC920DfC483819A2cc434Ff38e93 0.04
0xd374d3Cec6cB6862583F8B8E2A9CfFB464D2D915 0.04
0xcB4C8157B51A4ffF9e4cBB2FEa06C83E0738F482 0.01
0xd3f6d7bee4fd761b907abcaec83fd08950e7e65a 0.02
0xf67AAff3Ebd8e51Bed04789DCA3dBbad3B615f30 0.05
0x64dfcc023819a807960705651ed980d1cec270ab 0.05
0xB7702aD8256409EdD0a611eaE19cff81E6f5c6f5 0.09
0x04529869345cb8C4DB015253e1aFA7F800E47bD9 0.07
0x796ad9199dcaa8f3004ba898357072b2f3953ec1 0.07
0xb5a29bfd778f20ce8bb2a4e3ac8e1b9da82b16cb 0.05
0xc42EBB08e4AC8B6Dd983dEe9D8832402CEc82262 0.02
0x7F493B3BC92C81C4a45eaB28cEa8c5765b838e53 0.01
0x11708A6B460B0F04A55275112A414bFc491feC8d 0.09
0x91773e6285fff10befd3bf741045d8bc588c33da 0.06
0x117408aDc85E1DA1590719D6D1A49A638588487F 0.04
0xc81228f75f9166e2042D8b24E0d8bD055e15591A 0.07
0xF448AE408ED8D6445e3078fea85fDFBC071486a2 0.04
0x1bda5801afe303b492e0e850c4ce033ea9391b1a 0.01
0x64Fa749718763267aF6f15f40927eB849DC3A5fA 0.09
0xaeba3c23de76397ff6b35dea31b1053098a6de34 0.08
0x89C9D08D86B8F85a98c61E76Bd81100774AA2780 0.09
0x8Abb9C7dc8A4f6AA24766621a14CC9c5cB0D4D37 0.04
0x638734f17DA72aC7734A97BEe84C6340d5b886e9 0.07
0xa1BEB350A770aA731dc674d11D487DE582f518d0 0.08
0x678ACD69FFeBc231c8F7B67072CB016306E1Cd72 0.03
0xe0D2e035fE65fac70B9d3e897Fa9169483c82494 0.05
0xe0fb7899ddef31ce536bf1f7d32abf658bbce250 0.03
0x29d8DEb1a6a6501436aE97D649591795a66AB904 0.08
0x50d4b5c6687d0ce4D79FA74FbBE8d83c39b64f8E 0.03
0x70Dc6fEa7e758Bb441DF8D48De139D4C18b0a3B0 0.01
0xF271b170Ef5f65213539f4A115eD0dDC4D7f6230 0.08
0x27fc895d1edb8a2440195d232944429680e97be2 0.03
0x8614A332C43bbB32937505e9d38DC451D1396D72 0.05
0x529d97BeF42BE1604F59E4b5E1bAf9e6d65F0D36 0.09
0x03c1021908101c5ed0def3f9904064bb4c0bee49 0.02
0x5f18f4159e528788F2c92E624eef6438b5c0a3b6 0.06
0xF80cB92c04DFd57A0A2F55a1b766Ac6088E570a9 0.03
0x7f515ceb9b7cf878f30080b663ec5f2cb1a01df7 0.03
0x3a9CF96CFCB6c057A97C8cCD97c1cf9Bde77012E 0.06
0x496b3fE35C460B9B50f3f690a57DBf496Ca410CE 0.06
0xe9D9375ec5bFC054e2919B2a523D4a59b12764Ab 0.03
0xb0c97a5dd2c798c12183ac630aeb69152731cfa9 0.01
0xb6fa299941950A4F4193dc4b52a9c3fACa958F22 0.06
0x6bD60864cA97961592E60B354822552a4443189F 0.04
0xdfd840279E256dFAB9112E6F030FeF5AB70148A9 0.01
0x1bF70A9cA8FBB75140B22835B6CbA56D04C57859 0.03
0x250d595Ad569eE9d8315285BaC05a9F6C10fA3B6 0.08
0x12a52ED06813Ab9f555Fe2C987579bf9e8d218e2 0.07
0x7A37c47731BD125b8a338e301377b033f976b3CD 0.06
0x627C6Cd2B2e4d43e610Be055b86d9A9A9D8646B8 0.01
0x7336241a8Ff47878Fc6C5c72d713851df2D39538 0.06
0x70683d4b32424185f24def48cd13f1119fe4491f 0.09
0xD64c39d6027D2858dDa31183E5bA584D674cc113 0.08
0x503ac4CB768ef45e2CA87772a0a2E289D8Cb02d7 0.08
0x3bA9Fd8e808844EE6D4D76185FEb12e75dFfb937 0.01
0x5dFfBD8834a67Aa269B849babf2Eaa77b09621F7 0.02
0xA96BF34600174ffF59177aDA5cB5FF3D9ff57bA7 0.02
0x2a7f9BEB82C879977D78F97baa5B145170937Ca3 0.09
0x01e8a979e7C5A1bB5C7aF02A5f11263D0af4C19e 0.09
0xf2Fd3d984d522e9b72a1336da5F9300B42c836eC 0.01
0x4ae9efa680c26f629a828b90d808d64f4b269ab1 0.08
0x1bDc1d5604A25fd24A89EC81d17dBDFa9501F52B 0.06
0x4929C8a148bD7eC2a54d6b216Fa5339E1c47557A 0.09
0x1ed3dc2dc059cdf8fd366a15a799a8ea04f9c27c 0.01
0x1f35af7a0b5d67ff74596e871bc24ac6e43bee92 0.08
0xDa1436e02d223c6940803b8b723F30647dEE8b71 0.09
0x7f26e57B6B16EB51BFeF658123e0ca559dc42578 0.04
0x89675478dd90DFd17AFF84eD524b0E0E993aEe2D 0.09
0x29363E660fD011205c9700B3F2182c12F2BfA7FA 0.04
0xe2ea96a1ec961127a8cdf900447de1c42eec7b32 0.09
0x3742a31BF7673AB0f4ba7855b59C8c3c4Ed84Cd4 0.05
0x3dF842b3d9e18680d7CECcf8D1b37a06C7f4Ed46 0.03
0xED025Cb26a2aeebefD3B34BE37ef08D82959644d 0.07
0xbbca4ae66325f0e78b45b469a7b1bcbd9e40aa25 0.06
0x97bC4Db439DA3869cc4829591219480a28e981Fe 0.07
0xAead370154FF5B11FC56dDa48AcC58AeB8F8B70D 0.03
0x5CAFb4A54fc98060612747f771dFEa7F7351E74a 0.09
0xF551C2071Dbe7c9d010dD967C5df59ce04D1A04e 0.07
0x086d00B8DeD154941574d844fB99b727696e5CA6 0.08
0xd4d544e6f2Ce0cFbAAab1b8DC75119993c225dF1 0.05
0x2d498E1261B0fe66F156265d496841eFCfBc9f3F 0.07
0xD72300D2ADd33c19591742A6aA44568af4352619 0.03
0xfaE133879d4Df855bbA5F77F92070da783897589 0.06
0x394afF90490522052a2Af13495E1367A18c2e2Cf 0.08
0xC0f54DeF021A31679179Cf4467324c55bc50a282 0.09
0xd6b589fd23736b3ef600335ddb064bfed518f406 0.05
0x7f23695468b7b5e629e90a117c99b13810975fa9 0.09
0x74F421AA1b67242e790A956FCCAFd47935Cd8f24 0.02
0x1fA6c85189dDE7238211786234ACE90472689574 0.03
0x213132b53e89b250585E98c852bBbE9a972cAFE5 0.08
0x3E8b2cC0F754D0aaC07E2F508454dd17202f1063 0.01
0xA9e15b2FE02844824Eb473dD7f8875F697991221 0.09
0xd7c2fd71d7038de6ce749f826aa45c51e2eec4d2 0.03
0x8cb3f1Db69Eea3fb7D06B64b5078Ab16b6F5b8a1 0.03
0x435d91611038A9f70E9CBF635A66545B8F68E762 0.04
0x0a7702f7233657A418cd3B9f6eF808117fFFe53C 0.08
0x230E0726Fa9b67a48171D462EAF8617Dc911dE9D 0.05
0xDBC5294aC237c76E03796dD432096Ac1C8d2a062 0.03
0x540c3A168Db81EC2e19Fb7E91C1cA7DbdC169561 0.05
0x961130415024fdA58FacC65019Bc493DF8b4264f 0.01
0x02668c1f6be99e16d77d0553eb25d1d395d86587 0.04
0x3d1d3B23C56e325951b62c6806cd3a5734224c17 0.07
0x2Fe1Ff7Fb28effD53F1f21E05cefd0C1d4a53DaE 0.01
0x0790862495853c29738fbb03c0149d58ec6a2629 0.07
0x67b5614b785989ca771795e4be6e2baec373539d 0.09
0x3C9815eFd4b878777D30656Aba522457c27cB285 0.07
0x836a6f40EdFb817ddF0D16f3c1d9958e88E9077A 0.03
0x1e2759ce6fbd318e5c2c202722a8194b57b4ed17 0.06
0x035E4775740cCa5cb8fd30165082C8486EcFbd6E 0.06
0xa2a80748b362b27E786179026c262B98f0c1244D 0.05
0xB8E5fB92cDf557D9a33465B3DCDEF6d3a2E5D3f9 0.08
0xA61B8c1f9fd61700db2bDa298A20C642c8BA3B84 0.06
0xa89b94a53ddbfa66dfc97ba3786ba2f29f933769 0.05
0xdb1d18ff60fd7073ff8885b674e18aeff4ff5c56 0.05
0xaA62bff4c621782B079281ee7d6e0826504a5094 0.09
0x20c557895A64f054572607F2fc16653EB3E209D4 0.03
0x192F5C81974B9AE11C4ce0B05a05174f93A83a52 0.06
0x2403E63715bf09AF2A2f8E7E5e35bF9D533bE708 0.05
0xfd9e34A843457723a133E0f7413366DF530BbE20 0.09
0x5d0F1e1477aF3E60EE98D373b89fef78c5989e10 0.02
0xc05ce3e70a98489766272437ecb8fd785fc6a9a0 0.03
0x84e3e4540516cd6d2A899382699542042dd1C078 0.01
0x4F04DDEF20945618dd14Cad00869e27B517feA3C 0.07
0xEc9F9b8d93F86B3b19fb70718FE1fa4B3185BBD5 0.07
0x4cB005b4309F1777E595217c075341e0b177E2ae 0.09
0xc5849AC731bA9aB01a86012C1Be5F08e0342a003 0.03
0x3be119e118f0fd17ce6b7a4c9fd327bd6fc0fb27 0.03
0xb9A58f1685addf85881f3768Df5Ea1eE52FE589D 0.07
0xC9F12B5F22F0De89b6062DdECE98fAbbA7D37EFc 0.04
0xf2dAa9F37E9a44819f96b61B5bc51eA399279764 0.03
0x4259d46c2443721059870cf132d6b4aa1c30c3f1 0.07
0x64a38fab91944aa4a300c65461185b2ded5a718d 0.09
0x9D266033A4e9ffe904BB3a1C4E2F9Fbd91D20852 0.08
0x5bD2c9b30084686893e1eF9A7F0c25fD18604CB0 0.02
0x1aa5bac25a96c52f271b10d33bda790ac16c02b1 0.05
0xCBC4ED3E73204463Ad7FD02f4359b05c6d70fc39 0.08
0xd4cB9494d46A472417aCB5AcC491cfA23eF279b3 0.07
0x246f6Dca4F776e5646C1252194456b3c5eEBE699 0.09
0xBe7Af216057EF227E12949A43fEC203cE2352Fd4 0.02
0x4692AF2632D21a92a07bbE9cE9d9dA65e9347Bb8 0.07
0xA4a926C667Bb5D15f17B9011ac8d233f9138B2A6 0.06
0x8f8E457bBCD3f9B75A37e1F8D77CF6399D9083B8 0.01
0x460bb06EBD79f87F92905D38222F79F70A69bf3E 0.06
0x302FC4c7231589239912D62ec7ea6266D771cFdF 0.07
0xAFCdBbE4E006E417315F576282fb20b1d065aF0b 0.03
0x06F967a072A79bF676128432c05E959F926eDEb3 0.05
0xde074876e957ca7adb902129322cf5072ef2d03b 0.02
0x6B8C9848d1DE5CB6469b845a8F435C9C32E26c7c 0.06
0x4a66eECE7a03a508b723848755c39170C73F62c2 0.09
0xd8F4Fb8D336ecA43f33cDe506c67F739DF5D4Ec6 0.09
0x5e58f6e4124dB2601da8C95a6484c37C1b7c0071 0.06
0xa285AF6F7E54A1788Aeca5Ce9E526bcD3659DC70 0.04
0x38da135eebff8cbaf8bad418353727658df25b71 0.06
0xc32B7edDEBE76749e185589441698d77BDf4aa56 0.04
0x50C731e3dD5353e0bF720e168f78680222F6492f 0.08
0x1Dc42cA6a931DD34462b05b055faFc504Efd6eAA 0.04
0x19109ca12708569CC314c88392D9C3Ce999eAba4 0.04
0xc3d51C0310149A526e94c9c49f69bF6F99d708bf 0.08
0x658e857b9474efc7Feb5CbE810D2A9f5b2a884f1 0.02
0x57b974EAaBC62e771a18622eC35226460034c128 0.07
0x3048F8A3A8260aF5d7CE204675f9B79943020E8A 0.08
0x0dE75d4aa215E3C1Ec18dB1891B4d944de5e07D7 0.07
0x369378f65BEa146234Fd290fC1ac59d0ecF921Ed 0.08
0xBBc68Bd331252745C0b0b77466Ef98c1690c6fd4 0.07
0xA0Ca53aB90424cB99d0232606Eb0976023463666 0.05
0x41fb9ca7f68cbd24542e889dacb4c38966e30962 0.02
0x310421BB730cC297E0cB781E73100b345Cfd422D 0.08
0x67E93A437f0D507BeAc798dE57E92153AA6e913F 0.06
0xb9F0584676Af6eaEF68e3C495E8adA93e8520Cd7 0.06
0x81b2aff3d703747ac54e00cc155303d9571359a7 0.04
0x17b91051994B184A432500880F35B2556d169703 0.06
0x11e7529D583f27d72E0655E96CAa29D115D43044 0.08
0x8ddF3A698C83341bD89d1059824DB51d582dC3AB 0.04
0xA39bCa882A5aDa6a853D2e12Aa9F176e33E9340A 0.09
0x031c85df9903be9360C77C55629cF532fE5839b5 0.08
0x63517904ab608d9cdd60E8E93f74C12E3a53da50 0.03
0x19C6e9daCeCB23C9DA55aAE0eacDaB21e1f87209 0.07
0x03CebEAD7Ef509B9DD2AdF498862406C503d30ac 0.01
0xa99c06901a9261e6adad1a63b17fe881597e178c 0.01
0xE5bD8eF81e49e13836433C4eEaCA12869FDC1E35 0.03
0xA21C5916Bb04fE0682A90df4c836624a974E4D34 0.07
0xaB6CdE8d48E75332C58B01ED5043a4c6Ca3E57D3 0.03
0xA76e7FC7Eb857fFb661cBa75C032CF24762BA60B 0.01
0x6DaA56468B5C4F983Eb09bCAAF95F5A8566a0C5b 0.01
0xab03c78e8b61940ec44ba1ab9a0a61fb57c9f2d7 0.05
0x85b8b9dd1f483a22fcefe3a400b2bc1c9757303b 0.06
0x0636B0d9601F9AB53c1C7Bf893B8a7e1C7105aF2 0.09
0x4a253f73223ce1b7983f80404ad55c45a96c7cbf 0.05
0x7673Ff3b11880D73b0c081B90439e1458311fEEb 0.07
0x337df84c1b444224bceecdae007a8dc549910b37 0.02
0x8c59789522fE3f4819BbAC5cbA2B5e77A0D36b00 0.05
0x8A65C54BE0d3632db92077dd0395991ba9532cbd 0.06
0x0cdf49c4c2458ae92b3b766e164c06b50daaf4b1 0.07
0xaf08d32f7881cfc75300356bb4b9c16684b1aa39 0.06
0x28AEA9ab99b12fDAff736C0f469cB524d52B20D5 0.09
0x4062c2C2Adf313eF3E0837f5dd2ED254cDf39bFC 0.03
0x17D27c72B83a0fA2580BD284Cc980E5165a2EfB1 0.01
0x5B391c8cE4Edcb0b83d479401be60a21F6b36F2c 0.09
0x832Ba8509A3BF11d4505Ab7Aeb50EEA01F762A87 0.07
0xe8BA8d4FB67ad7Df07c6Ec55bC95cC8a4412F77b 0.03
0x9120C5e17d9d9B7F304ffacAe632678C223D410D 0.05
0x65C69644d5b9A689898927dc89709c37000aED0E 0.04
0xac6A5a4cD53eAf32F8B26106e230B03959E2a115 0.08
0x6e00c5F08C47e3D04c872A8A14A544432B5f5003 0.09
0xAD75BBE7cDB326F95EDF58acCb9234A42e97Cac5 0.01
0x6108847307BCe917F4F7C53A16A5E4A6Fd5B22eF 0.01
0x5bbbe5d985733c36786325ecf0ba7a07b859b4a4 0.08
0x1df8130fc5752e627efec3b885b30c01623d8f35 0.04
0xe435b86f94479A8e71470BcfB99B3904CBf1b613 0.04
0x80B3A822B6223bC5c633d715314c629d08166131 0.07
0x06Fe808E2ED1f1A7108B8e29179d38A3e09393E7 0.08
0x5148146C75504E2D49461B89A0b6573f62931970 0.06
0xb49544ab6225edc442c7034935b8ac89a66b890d 0.08
0x7ca66985F0ED625680cfbFC0754A4D9Eb9175e7c 0.04
0xf3945aA1B151859fc1ED46FF9a7B68c7cb1A613a 0.07
0x27788fc3067e8a8b7ba35df4d2e9228e74ca09d3 0.08
0x7Ec7F20379d3d48c4D1732b0Dbed6AF3d9e2Cb3b 0.07
0x04793BB70D24a64b6fDCcEACAE0268231248B5B2 0.07
0x7A978905349087B780564E073DF4c3599Bfee6EF 0.03
0x586e42a59f393ae3f7ebfa919706caee7bc318eb 0.06
0x87aCE53ACacFF1db3ed65E240e19EBFC83b28Db7 0.05
0xfC88fC04aC161aEFCCca6159B79D8fe07515710F 0.03
0x38f4b919c081a6151842359d42d5d5a14443e3bd 0.02
0x2F3558D3d4DfB26BBB2e8c0Da134cBF7C2DEeE24 0.09
0xdAAeb872a786647Bd443Ed0AE58D0b354409ce0e 0.01
0xF871Dff3DB4411E5b9913f6d291BCd55810CD71B 0.05
0x3d57fa4a1e1efa1de5509666b508199fb2090424 0.04
0xfBd22B66EDD74eAE64E8445C73ba6f2C5Cf8cEFC 0.02
0x6022690c6b207bCBaAAd4f52B94246c189a17168 0.07
0xA85501e2aA9c2F9fB265C57dB5e2d79929ABF34b 0.09
0x1F42A0a684Ab1e83A470576b59F0D8511B4688dd 0.09
0x8F9828d8366a7FC789EB8Ef88EfAB111b6e0a0D0 0.08
0x4382d90c223Bda3e05b9Cf7B03282c8644Bd77bC 0.05
0xc1b1dedc742bb53fdde78eb99f9161e5a8b35493 0.05
0x3dFB03e09B8423aef097453F44E3D3c0b521A3C7 0.08
0xbc698bc06B31B2aE94CBC46A3316031b16251323 0.05
0x26458c8E6723355CdE770e4bD31A2c6a797D017A 0.05
0x95EF8F277c69DAdC0768a3992C1D11274FCF3449 0.07
0x9BC95835890451960a3F8617db6CCAeAfE985a37 0.01
0xF08213d20a41C3ACA5C29F0750FAD9219f8fd7E7 0.05
0x8633182491a7025bD2774D7A19601e6d80a13615 0.09
0xc9180f2ef408a07c4b837695793cafefe9a882de 0.06
0x90894E47d5b01eB4507126dfb9F99d578aD0e097 0.04
0xFF4d8b240F6A187Bfe649003473389050D357DC5 0.07
0xebcdb080f86dffde0657a405faa20c8847820eec 0.07
0x638A6ae9A3557A5B2E4bC0A5675873d6cF77846e 0.06
0x43fD361995904C9A68ba8000aF2a37283808AdA6 0.05
0x2F08fd787d40d254706D2f919E8B2dC60633255D 0.08
0xFdF6bE3391249cB5b856e4D19C95A97fbd2f962a 0.08
0xE032D4A95df0ACFcF57b1Ae475c1b7D382377bD7 0.07
0xeDe8Acf905714D515E968BA78f5Ea91d883363c9 0.07
0x6FB7F0Ff3697e7038873F5284A48F1a897CbcAEb 0.06
0x504025A771bBE4c0c4FcC5fed2d2509168b1589F 0.03
0xab46ED660a345ea6FA2E79284051C1e364aD8F21 0.09
0x687ac12cD372D4cD409EA11500Dc35F3DBafbfAE 0.07
0x14ae7696ede59543cb3eb5c80708058cfdfd26e0 0.09
0xFBca6a35F5ad385d995ac50e4fF1C6c53d54a8e3 0.01
0xB1a02090a095f15445418723F60a5cE6Bc35b52e 0.07
0x4B69B23868F1CE8e45ab401Cb3be17682D1bc6C0 0.04
0x15E633c3B8dAfe59E49Ad8F66c903370fCf05064 0.05
0xCbD8c327AFa10A769a8e31e4A352D58AD36Af185 0.06
0xF05C83B34a0fE0EB0017275d8c8854aE5EA2F99A 0.02
0x073051bF880117044aF0d52886C00b5E457FE923 0.08
0x14f9bd7b8e7ea2ab6a5d6db44c66463d743bc7a2 0.09
0x3788e272cF581335930455Da39299A0d5056AFc0 0.03
0x7C80BEe7fDF901F181C290EC757618C0577763FC 0.05
0x534ecc8b7fb87e34cf2739729a877d8e7568ac75 0.04
0x11E9033E8d4ed5b57d01f80C918A7e84d53Fe7DA 0.04
0xe431d9ac4b94ae93758369bd940c736f54c0559d 0.09
0xA9D41B27666b483a273497C514eFb82AA2E30Fe2 0.04
0x6d7E810aFfcff12749F0C33753B1fD9C7ac76c42 0.02
0xB958695E99e4AcC6F4e27b8208B065169aA76f64 0.07
0x3623Fc508D6371138f20E88B0eFa763e258586bE 0.08
0x598DeFEf873b6145c6E2326f618B4878ed486152 0.04
0x89c7E504ff39cFB3bD5b0691b830c9205CaE0317 0.01
0xD6a1e2f90138854834583647037d76041391CD3E 0.09
0xC670F55D143CfC1Aa37c8Cc79999cD376904ACd0 0.03
0xccb618c031a5b3bbd7bbd62d346f3fc2b029746e 0.04
0x8DC2Ac04AdAF7705daaC4738F55108Fe31D3FAcB 0.09
0xEBbAadd58417a097Dd6091Fc2428B83BFF82f8c4 0.02
0x09c9727bc167d884d1e4cfac78ba9a8b17638037 0.07
0x74023b67A2C7E3EC80a3A7a03C27a0Bd40F98F6e 0.02
0x965C6b7AE8beb1A9a70c10236F8D83441836AFAD 0.01
0x5EC8b330D278c7203C547657438bEaF41A07D9f6 0.07
0xF61d11015206d0442703e189792E118D9E00A9fb 0.07
0x4Aa6d87696c1092a6E1d1bD463E5bCdEF7f7c1C1 0.09
0x5Cf5E6C4B6eD4bFA510C4A885449f12cEe1cBe4E 0.09
0x9f5e1341c479df07ebdfa40dd98bd7d690c61e15 0.06
0xd1ae21f5cc94ea7014d42c3f0e28b63fca823f9f 0.07
0x87b3bc69ABD9397E29058E018B322E729eB264b5 0.04
0xF49cF2489Fc1eAA7C67a419923766A9812D272F9 0.04
0xc57450fa57748a09b437A3E3116673f4C64e64Dd 0.03
0xcCC493ecf18c129c52fc747fe3EB321DC1B746cB 0.08
0x4fc8c7a7F7985a5EDA2dc0DC9F0baf292eC76491 0.01
0x29A2660b78479BC95a91d836A2aACF5Ef9cBb5D8 0.09
0x062ebcb83d718e930e4741cdb8cc61302b63e0a0 0.02
0x5a6ccF64f8EeeDd63aF44335B82aA6eAE997d0bc 0.07
0xcfaB7c2971587Bd64Bd0EAABD526C0F471F4Ef79 0.01
0xde0c04f3d6fd603f31cdc3a1f65fa2b8937106fe 0.02
0xB71cF1F41C677e81330DaC847206fab3aF9aDcC2 0.04
0x3640b6d6792c97507a9ba0901cb79d5305fcc727 0.05
0x64F6cc46d5d587d8e354d16BF9911356b66EF865 0.02
0x6Bc42f573B82B5b703Be4b015d6Ea3E177eD3cC6 0.06
0x6fFF32B77736E1d780C31674d4E15CCFeB128036 0.03
0xea1eb6034055b6e7ea3c5305f8ae04d876c679ee 0.02
0x977DD1c38083d5f42Bf6e00f51afAd1c01587EE3 0.04
0x38e24D07F3463a8195E70ABedc1E3DECdA42190E 0.07
0xa358f23d591ff8a312e81c9e9db81796cbe2d283 0.09
0xdcfe403a74b0150d764bd168e9b149ea23fa2f3d 0.06
0x61635e70BFBA815eb47BC9F20806Bd8C3745c649 0.01
0x66F6F30E87EbFDD12223667665C1a295Ce356ee3 0.05
0xd28Ba6B33B091dd23cEe7500eD030Bbc91D4dfD4 0.05
0x02A3955A4e3692Ff24e4439168aD74836bA404da 0.04
0x939f35c41BC4250b52eD6d449005f852Ddec54b3 0.08
0x76506D89494E0527B766fE13F7Cd05DBE55847f4 0.02
0xBDE9B52283F5E744EE1821EB7f47661da7106521 0.02
0xA236148E30DC8676e5A5e6df2C2767aE6D287a66 0.02
0x77A74f8fCA9335e4558fce0e9872ae1417280be5 0.01
0xAFd6B9B53BA55ccdDbbD354b760D27FdcF1639e7 0.05
0x82D0549b1930b632DD3D37367d41e3A619988193 0.05
0xbad493ba00da213e57d4b5b19794fd3017d59089 0.08
0xED439308e283448DcE7d3eB88432b5f4aA4b4588 0.02
0x183fA7F4f51bCa1f3A9D3B8F0f01AB0f8678aF0b 0.07
0x8265f195d973F32d652de86751Ec1108E5382e7B 0.01
0x58c6DBddc0c4690A2a64C4bf08C5D44b3cCbAd48 0.03
0xdc716ae3a4cf81bc6af012f1e8a5f880e776fc67 0.09
0x9571a8c40c4c8aed83876656e63ca843b6c51ff2 0.06
0xfaFb2D30071d6Ed225C471B09a47E6a1D7258eBc 0.03
0x183249e94E33d9746537feaCe0E51a38738dDcC9 0.08
0x5116345b4d5C3bb2d7E09f331afEB4673e372B83 0.03
0xAfA8C9D9CD64fb6D8C825A7230A29c3ad4e97293 0.07
0x9632a6731c577c5c24592AD0f5FDE527a4d18f27 0.06
0x59089B4744580FaC1Db4D0F4B50664520B714447 0.01
0xAC1Df70E7a1eAFBb266Ac74c4323849c9a09fd24 0.07
0x7b2e289047e986Fb26dC72ad36dF61822Cf82901 0.05
0x23ce75dcc04730cfcaf52d523ab43d9bb4d277cf 0.07
0x4C533Cb4C8c2E59aE64440A49F74C789a6a1a38f 0.01
0xdC9F8181851c58742c82AF15676B1F5042b5Fd1b 0.02
0x2A6771025A524DC59EEF6c81DD2095b0Eb65111c 0.01
0xab28fd7523df1f0cebe0e162d9df8f2dd5f17d91 0.03
0x1292B3Bafdb1B657087C120BF14795aF855Fa074 0.05
0x9c9D55D03237489F5735BD8eD2013940aCA48367 0.08
0xB8d4467428Fc490657142D2a798aFEbB12F062e4 0.04
0x0F19B5179c5dfc03EC76fE339d3Faf0E4f153685 0.06
0x4735D86B61E4C90C2CC4187e4eE3cf8cb894162e 0.01
0xab3a3e358cdd3a37671480a3f9a7da8b1fa12cd6 0.06
0x658F57e501f92c635e6faa88Ed427027882dB910 0.04
0x16ba56fbcf2017e52f40eced464fff1bd31b8b93 0.04
0x570ECd538E0d6090EE617338ED2F4474eb06CEa0 0.01
0x7e65051b13A4196EA4dE8615D4f8f794B13DdFB2 0.02
0x2f0acbebf330ebff4cc9dd1bb7a628d4a478d6ca 0.08
0x4814C55561Cd80F3a002850A8D9c21828D81eB37 0.02
0x09b70F0765587d0E9c99b587817B7842972A0BDC 0.06
0x3A39D294922729326aCC2c88386d5d94dd61ea79 0.04
0x8D805505805b6FD0c2beCdAeB6C0972c5e475134 0.08
0xAd622210149bA85385694D9165371749b1ff3Cf5 0.09
0x7E9A15b3Fdb712854F084Fb9205AD1f13f1cDb43 0.03
0xbdC71302831b245FdD9bD7c8e6B174a8e1Ea78a8 0.08
0x1386611B658002C68C2c1883A9eB05E3BA985116 0.05
0xB200c7a2a9adeeCB1E047b72d38Ded91C44647f6 0.02
0x9f36e98f1d85e28dc60437f4d7a843b8196b6806 0.08
0x1089cf66319335c739682aebfea2249a398951d9 0.03
0x121EEA38fdE863bC9bA36fCcBd31cF1F8c7247e2 0.06
0x4ab1f37a15c1fb07614f764019e23c4a884fcdd9 0.09
0x80354722a2cDc6C858e3B0755ebcD889183424D5 0.04
0xeF4f4ccF2518eB1CDBC26d38d775263A35F7A120 0.04
0x7c16f44b5996b8d6a21e0e030d88571475bece84 0.01
0x863e50e56b057dE04d212454FC2951AE2aD322A7 0.06
0x108BE1bb07A9781c5bcB00c4089FE7D31555a8Cd 0.06
0xE6F1D05400c412AACac5baddD8C7afAcde71122a 0.05
0x32d341e4201468fa0b34683c23246e06202253dc 0.02
0x2Ab5F9317f452789a5b175d5A95708395b2CC8e2 0.02
0x3c9263d7665d2278945c3e8c2ff8ce22570c4d39 0.09
0x3a36bafe4a286da53377139808ce0964fdfe8bd8 0.06
0x1d86d596373941b7eae36fe20f808a961f38ba06 0.03
0xD6AE8143b34AeC93C3E83671765EEd11aa6C8C33 0.05
0x53414afD4c5519E31ed71C06A31B464D30E526A8 0.03
0x713e2F65Ac76bFc38900eA22800c525b2f4453A4 0.03
0x9F85aeE036b91f8DEAdf6bce346b422605D7D23e 0.01
0x68d63971b9e4F37F2ddDfD16312D2d261976Dd97 0.04
0x67bD665a0190EAF85ACde24a318543D7e2727C1c 0.06
0x68580F76b98683DB1790d8387500e5f519f56358 0.06
0xf719cadd678a92eec44e886418edb0a52b87763c 0.08
0x64b9AA4c1FC3A45B58B079586711E6EEC237edF3 0.06
0xA8e07E243C43AeC9567084993096daeF1B4F25Ab 0.01
0x0e1A71fD4eCfEd4D4a934ed6907D0Ae4DfC6F502 0.08
0xb8d66e5224c7aeb4a686033763fa5cdaa827659d 0.03
0x00e230be69509629a3b7eed1f1c920b63faa9f81 0.07
0x04dF9eA13620Ee918387c6E0ccF2B936dA7cc178 0.04
0x53b2Bd16DA5391DA7ccfa1942e419b55DD25fDAc 0.05
0xf5DD3EFBf280cCB15477510178039cE86Bf9Abf4 0.02
0xec71db1b8eBbEe7c3da2a407059D79A42ACbBF1C 0.02
0x851696752dF6c598B125Fe1d1ceE7E781b7C8f9F 0.02
0x9664CB6F2263D5B8D4c2eE99e15C579E42CAb108 0.02
0xC177f2E90Bd12e16C848C7Dfc1aE8dbBCE01160D 0.07
0xE932664873Be3d4E335B38163fA6C06F5Ca053f0 0.01
0x6e6A338DD82e1Def0f589A54B9cfB646f5976245 0.06
0x6B1BBB3Eb62F4764d9839d7f156c05c5d12415ee 0.09
0x62e8e190716Dce1b688e6B6eFc085066ed6caE7E 0.01
0xa1EEAC1E6399FE5B4095D1b2311bf1B2590C474e 0.07
0x9ebd8c610260d85dbe767363a9c79d036f1da41b 0.02
0x12D9ad6f05F477C835bA945bdF4201Ec9494cd2C 0.01
0x02A874290Ee1B6902881A9A2138B60AD1cC1682b 0.07
0x3a8b72310612A232374118b49cB8F28EB2E0eE8D 0.02
0xD403119d5Ec702FC5b622202d8ba1511AFcF5A5B 0.08
0x7F5b0007E8f2e5A0Cbf2756224F2133C281Dc291 0.01
0xD5f0682322ad8aBF2f30A6ad64d33A41e5E28ad5 0.02
0x3B6A144529F9047ed11cF357A63766887034783e 0.08
0x07E9E3EbE8B262a73CA44DF5064FF3DB3827d683 0.08
0x774B7f8b09Cee3a8D87702eE99acB7d94BDF7DFD 0.05
0x665F8A92070662B691dc6A55a1Cd9E35e5b44807 0.01
0x558b08347F128C3A171a66742dD673BDb51F3679 0.01
0x83ac1BB008313FfD31A24F51116F0803C197B909 0.06
0xAC4548f8E3dBE9Cc56a6825990caBd605B498994 0.08
0x28D2CEc00EdC4122702b15b5808dF16d3956712d 0.02
0x223224DAD8A5Aa102Ae1e14Ca6dEB522a25d553a 0.06
0x50d07E11BFFbe8e7FAb2394BA15e337b2e7264e9 0.07
0x6E85fE65Eb36EA3aeE058542C7B19D0662102B95 0.02
0xF125B64f786Dee0EeBf24Dd0662455dd8ec5eFF7 0.06
0x86C1AceA18E5bAAA936f71dd99b7295389c99882 0.08
0x7167179803A0c82d12b943F1e8Ce583dE3aebC1d 0.06
0xf253694233d694C06bB6afEAF4274AEC8AaA8bc9 0.03
0x53bE9E6a73416c75F49048178aCf98A1Fd421Fd0 0.02
0x3317C45C71C678d43c6B802583Bd6ec8f0D625ba 0.07
0xFCdB99C6f3c4bc0b492e68c0635089a92951e28A 0.02
0xd523FfaF42C7e763028a90bEb38A45f68bb56d69 0.06
0x1b03946A7746923f06e43B9b0cff75c8d3030789 0.03
0xa2fa4753e89168f907fe10e53fb5389bd1756f23 0.06
0xf4731B91f4E409814ff836ab7A96DBd29F6C8363 0.01
0x4a87Ab16998C817C878A137eBBB1ba778Ef69F50 0.03
0xd210F5A62B92F6297592c2F3e23be393575499e3 0.05
0xFE6189887817e7c73dA1A5dD457F3Eca7a8d4B5A 0.08
0xed9E580d8Dc396A1e4Dc4093cF711b5788f95d5c 0.02
0x95F00c09C1a9f4540E3421f066E15DB64d34d5AC 0.04
0xd5de35bee9e3f6983e258ae95ffc4bfd9e5e2feb 0.02
0x5446Aa8Fc52a359909922d153Cd546cB2775B172 0.07
0xf37b2ad6de06153dbe919c3cc573b2f7fa246fb9 0.05
0x7bB991A2510B1a434183Ea6d9516B124396485eA 0.09
0xe9Db907e6a7aeB63C82dF1e30c8BCb253f5c32A9 0.07
0x87232F937110Ec2768CC5cFf8D16bEeA0eDE2989 0.05
0x2bD76d9Ab89549E29a0e58De8D77D20C084cc624 0.05
0x588F1E7859900d7C55B4Cf1202F251C7702976C6 0.07
0x50637ba2578e7aa9d1d9173697f2fda48985afac 0.06
0x401aa723dF4877D0Dfd7E1A52F5576FFCdF8e37d 0.07
0x0D1227C260351228aC93AaEFA6d659499B63b8D5 0.02
0xf83C188B65674D46990F2e1CA0B2d3F51E614531 0.06
0x799c1deae7ed04f71190dc5838aae0824f418ddd 0.03
0xC9758842859fCAd0345A5DFaB6C32518A5d6768C 0.03
0x521567B8eeE812f896b2610e9eE6Bb4e2b3D1d4E 0.04
0x6f513eb3ce4fd8d485a221f6c7a1b44084b584d0 0.09
0xe1b519584aebcd7d3772c33eb910d521b6d27a50 0.06
0x70b31989cd1c458afe1ca449c74f289af62c8a0b 0.01
0x2c09528BC0507A7A6eb160B8d4Ad5d7eF1cE8293 0.08
0xa307504fc56fb72043cc604434c3db27b6d80664 0.08
0xB7077251cfD03B188e4BDB97435763f428EAB27f 0.05
0x220C75896f9B964Ae6c4F40158bc8785D611d6d7 0.06
0x05AcfB9ba29F3Cd175b0c1BEB6C71dc0f7D188ab 0.01
0x39178eab73c7082d0855fad717084bc7be8fa9eb 0.05
0xb792f0616073eb2d1a801ced5c2e282edef004bf 0.07
0x19821328724A6941144876Efc1Cf87d8ee63c7f1 0.01
0xB32EAEB8AfFA6D63469780d0C7dcF47d042053D2 0.01
0xd73347DAB19CCF043C03EBBd6887fbEe6F7849f0 0.06
0x21Bd9c38A37E546500924360E98536387D751c80 0.03
0x8549d7d017f87be667c94138863585081e6acfb3 0.01
0x86d634AC0c7c6D95FEE667df6A234a244e870a2e 0.02
0xB97527f23A0390d96e21032A5cecF6124c4fAB2A 0.09
0x7893551b50f961a2cdfc6ce398660052ac0174a8 0.02
0xEb6CD016D087382C1209a5DA514bFf536EbD13D2 0.09
0xc58A2f09d69f03c68a2cfe385c619c278AA6Fd1C 0.09
0xb61ad3fff020f86fe403f8e2161c3ad8d2f9eb32 0.06
0x3A55D18AF0dcc61C277B661EAEaE8F32A39c046C 0.05
0x9D95d7C835A89A8a6DF810e3Dc01465F5C5a9Fea 0.06
0xD565FCe34D22fA69698B22e42F79e04A678c66E2 0.06
0x33d998Dda39250276310F58e438AD5898F2a94AC 0.07
0x8EB7889542EFcFD6B2546c495BC6bf1473525c40 0.03
0xCbaca29fcb0e4784050a23F54BA18fFE97077696 0.02
0x11C3f1e4f4dB763C5124D9b784773949f333Ad93 0.05
0x5fB9fE7E63Ac8051074f876f23269Df3Ef5EC154 0.04
0x5105C1fA070128BCE3a7fA3b9A49F99EA318465A 0.05
0x6560cd5cd80236d705ceea5b2cbf427614a4124d 0.08
0xc16e3abD8b04DA74b74217C5dD571b937774375C 0.06
0x9f9EF5e22Cdb691a7D20BAF5E52EE70D0de073F7 0.01
0x287F8874B283202D9aFdFf1BB118667aD6280359 0.05
0x9989Ef2905f56fa7Edb3a06d12B311d6dac46F1F 0.08
0x1b54a8f08D09d6Cc9A8729fC16c2EA1007d4a82A 0.08
0x0DACf2a7E5A263EB2D1159Dbe77cEeC6b6749583 0.08
0x714218f8F005494cf901FBB56b0d0c3B46dC7869 0.05
0x8B0B4cA0b2BbFf7cB91d81EEe58C108743B35D28 0.01
0x12664acaff436327e57a95ebd1bb4be348f7c2a1 0.06
0x021448d14af522bd8fd2858Dbe05f366Da20685E 0.02
0x31C7d1d723aE43B36D5952eAD7353B7e416B09B9 0.03
0x02b524507227574CA0a0b3620EE079e2A6B624c8 0.06
0x58569e1cebab9d7809042c556061c9ffb14c45bd 0.08
0x0B13ec36e183181c21706e06d11b1b6F9646f3ee 0.05
0x6F34bA0293c4C54a8Aa03B1C413f2F7d1eaB9679 0.04
0x3Fad0Fa4A8b3c57Eb8Eb798FF95598405aDAEd27 0.09
0x0801042390c53205825f843b338679755cb2b974 0.08
0x06f5855074023F1D18DAa96d1f11E37f13a54A84 0.07
0xD4729e5b9A88Ff444541C51B5be3b6Aa91F37C68 0.07
0x658785880612e2b4a69168B372716A45c0fBfe7B 0.02
0xdd00aff04cfe57b8ee9fa1602021f8ebae1c0a7b 0.02
0xad671C93245EA4c70c2425B785F1Fb7c2e37ec55 0.06
0xE3E30966087A1df5c6106BbbFd4A9a12f0F07e46 0.02
0x326e0aCE77b18d807B60fAeFda83486Bd1231112 0.08
0xEC168A333487011C9D11Df2483Ed5B9f9D17aaa3 0.09
0xc929422fa65f46930f55cd90ec17aae715f9aff9 0.04
0xcfe5243a1da78233748dfac23ad3a6e8660d2fbd 0.03
0x32BdBc6e697d480FffDa98Fc133B0d9A96e3d2d2 0.04
0xc3e620f9bb02b4b29bef219a363291c93fc366aa 0.07
0x63C5EA721d13808506d92b90eCD06FF62f2Ca468 0.02
0xBBbCecca13A72b23FcEC4f0BEE76EF8CC3Cb3492 0.05
0x16E317c98a81c91a43e9bB5b3466F0eeF832Be34 0.03
0xC63E831d978d50b66AC12453a5CdDE7f4fE17eeB 0.02
0x4d9C922455a7f2B94C42812e7C32aA5846826461 0.07
0x9cd8C2A7B6ab2174848d4FC2f1D886c62f21351F 0.04
0x7813422bef5c89de25fcfd2d6d8ce6b8a42cdd90 0.07
0xD787dB9692E7C2BD3Cb83CA7F217846082Ad048E 0.06
0x62C0aE4a86c8aA9601D6B910EAdB58F71CcDCbB1 0.07
0xC168bD6f80bA5Bc41c3266386f05d01Ab1a01eF2 0.03
0x0FFa212D3F0B3Fd81E1D7F0887eab55BC7e2ECb6 0.03
0x3678980b81a21f2ab8849fafef26d14c606074e6 0.05
0x4683DC7E8B519c1a9beB5EE9fb8Bf7aEd9D6D45D 0.06
0x71DE02d603c92baD1BE426384EC02bd251E90AD1 0.09
0x1FB1F3b71b990617898E42501096edC3640c36fd 0.01
0xc36f61520ef372987238b2c7d8e7f33f10d75781 0.01
0xE546022D6B50793FE8526163914f2B8E61523DCB 0.03
0x304f81cb6c51a70f7bffa3af98ae170751d50c38 0.06
0x45fB7af992408Fe882Add22256BDc09c75376154 0.06
0x75a787FccDf2E4Fd94Cef2a2F713d97E6B10DABB 0.08
0x4A622b20618fb25404ed5aAdF12e508536E79E01 0.06
0x1a2bA148376d0633Acb4C64E51D5b506903a21B3 0.07
0x12ecdc5d81805746880a093cf7d288430c088706 0.06
0x682359b44f016A4F56c3BF43Ff797eE5D3CCd106 0.05
0xE9e32c474C3fC95d0d9A00aCC533667e870c165d 0.07
0x1f304Be663E7E40481D55F37c3e89792F923d225 0.01
0xb20b9e3e790c0db03788a0750582070ab00b5160 0.03
0xF66B27aD2E434c2B5BADb8af4C4B7012E32EC1e5 0.02
0x46693Ac13725ae614E67E15657c65566Acbfc259 0.03
0x65d95DA5268D3C95c73A6bcea523d1f5260d9727 0.09
0x9DFa043e9AD7AfAE3E8c8992bab27a5888e662cD 0.05
0x2c5280F0Fb8bE1C7a11fa115E249EF777A1F5075 0.02
0x82b9cd8b0c73cce81347fe36a336e6d76c131f42 0.09
0x2b2f931276cd37bbd30869a22930d4536705932c 0.08
0xA984E9Fa7b7EF51f29a4229C94fD2B8697a06e48 0.06
0x3c874EdE73C6D58d3b5a0bD3eEb8b586389d45dF 0.04
0xdCD877CED95D19b7A27669a9AA9DB80385701A50 0.06
0x7717e345aad1fc92bf67c803b0b0aa57d1b03992 0.07
0x3cA3A8F5C74749d047477E4c7dc7FF66f002A02a 0.06
0xae19a9b275673a0d672f51b6cce2d2397cc8653e 0.01
0x15ad7ffb1a3b286c29d9ae5c8553d8942d73664d 0.03
0x1972ef32de8f8d7Aea48CeB9193DD9099757EEe9 0.05
0x8eA71F3E6Cc161Aa316eeC435E98Fb61Ad0591BD 0.05
0xb80Afe9A681164410D3c4aF7207aE146F348b015 0.09
0x6F3af84a1F7066CB669d01D49539C187c173dE7A 0.04
0xD0fF20bCb48598eb2152D72368BD879eD2C605DE 0.09
0xbA4CeFE7895413b678D8681b494cA4c847629846 0.03
0x889ca25c85B3B62eB7Cc68485CC2CCD613D34d2E 0.03
0x627868802fc2e1b4e03d9af685eff493b5316cf7 0.05
0x61d227fCf33e6Ef7744215A46d60f04454753fd2 0.01
0x93529af358b9e94962FC7b0F7e81B241f1D638B1 0.08
0xe4FC864b6a6628CB8093140Ac278F1aea51cc498 0.09
0x284b5187cAd1E22b7c20199Dc225ce06882859F6 0.08
0xCc2FA6F748BBCc50976Eb77eCF649dce2Ccb2c20 0.02
0x0251C6268F9Dc6b6eE956A742db31cECac0054ED 0.02
0xF7844d52Bf929fEdf39b8BCbbA37a8Dcd873A3Cc 0.03
0x0b713261720a2ee1627af220fb41d0bb5b5e544a 0.06
0x52658d949a7293e335ca548cb7b31ad6f0e70959 0.04
0xe2d62AE3133c77E3fB4405A0a7E6Ef3a2E9F87F2 0.06
0xe27Ea046d9b35c34f49CE1bae77347f7c2427e0c 0.08
0x7e3c5160b5e0bfe49bf09f288011d9842b098a0c 0.07
0x65e64A4DFD7d04f6979aE10B5F67eaF6dcdFA31f 0.04
0x0eae319f674e19688e403fdeaf7b45ff4c54bdce 0.05
0x36550E537D2FA93C4fF8C9b8c9E5072459B4d459 0.07
0x55A850a8c98dD607Dd607001a5047BC0A8b35525 0.03
0xB923C9577Ff4C281Ec4CF4f43E9651D7b2a54E8A 0.07
0xDB4234043c76ad21B29736362cfcc1EE9B136DdF 0.04
0xb3BB72fd3C8e06d0f829eCa3C15e1220D116dB40 0.04
0xe8028FAB218e55424e51401BC4Ddf413bD22A27b 0.06
0x4f712C350d6540605F7B537aDB51a5066e8356d0 0.04
0x7DAA47cBD8Bc0bA05F953938110FB98cFB543093 0.01
0xb2e6a4DCF0312aF09f2e3f6A6d540A8125d2037E 0.03
0x5b4Ee5439Ca78241E140532A6cc27ba338cbEb39 0.08
0x559b9B91ac3AbbE7a30AaD2d0B3DE3a199d3E8a4 0.02
0x20b14DAF7c32d2ee3d3a1863811680637cAAd741 0.02
0x2cd785b7309d6c161f5748ff1679a8f363e4ae44 0.07
0x90831a589dFFd0E54e5D444cb9Ea2C64FE2ced40 0.09
0xdb28c95a3aea3cd8402448656f91a42ef2bd5424 0.02
0xD7130657840D8ad464c58329db6fe0e1c14E5AB0 0.07
0xC66DCA9E94a8f3bfB5aD1D9E1973B5323a88C577 0.03
0xe6363E86D68385A3111d7B27F48302FDc35EA5DC 0.03
0x9528fA5A64370393A75A57d833d37c28E67e9F7C 0.06
0x5cf572238afb8f05a8b2c53ffd3acc44c2ec37af 0.06
0xC7391970d642fAf65FAbac8f63b0d41c4481d787 0.04
0x9529b8588eFd9c6CC324495Ce82629EeE8C5F648 0.06
0x561EA9EB2822634bc41ead175f480BD62472dAF2 0.08
0x54E01BC68a03D60Fc520Cf64B478AedA433a0ce1 0.03
0xbdaf566551e133518e05356957aaa0a73394f408 0.09
0x20D966c663266ac439C792457e1A92612158F9B0 0.01
0x266a2590Da8C1da0f56c65B441110521246bC5da 0.02
0xe52785a924E85708d568F1a6ab9e2A7C7FA864E6 0.09
0x655d72B14626Bcf43f9157B5a67FADd8bA08675f 0.09
0x550CF22Db4314915e542829ac9905E8dDfBf537e 0.07
0x4443f380a41e01320a5e2be78b00b75138291b1b 0.04
0x1637dB56ED31f275Ae22214c267cE93f32dbe34f 0.05
0xeE21F7014dBf8367F9D9ac1004f09B9172ACCEfE 0.08
0x76402e96F79131bfd54D54fA7fC2141BC536260F 0.02
0x7f642b662c055b6004cce3a15e5ca9cbda69e0fa 0.06
0x74c8D65473Af038eA16Ae23D6C023c711589E260 0.04
0x8b2604C7c804cD366EeA7D97724cf1A02A217ccd 0.01
0x3122bd7CD75f63Ea6d73fAE9c6F87120FB0BBE5e 0.07
0x11532687dbD358300C9eca1CB991fbC768D16B16 0.07
0xa81E8403f84193751Ba0781250981DaCC8b3a050 0.04
0x58753f02c19d8ed2d2c2f009e6911e3f3688992e 0.06
0x66cc56b384D3036B41cEC9878Fd66c5fAe5dC70B 0.04
0xC95f1520Efa74096581e3de38fe19Ad2de688f5a 0.07
0xe7c5e3E2531bf416e20dDf761AAF261376CE26E6 0.04
0x92De67E63607d51b016d6722cc9d0911E7068234 0.07
0xCB2f46A12EC6DbC203A0B1160bbD4d140DB42dae 0.01
0xfee954e9a0262efa6212cb6113b0ba15503f1d42 0.06
0x6E88E05679E7f9852285C9CC2fb889aA1F6bb281 0.04
0xA98C69769a82f1F8aAfB52730803De69F6277e69 0.01
0x9b7095f06ad105c6c31488241a6e191578990284 0.01
0xe354b25ce50cf1d225d9aee7d51416e64788145b 0.01
0xddDC62a9b1aC1a457418D2e0915be5F011B25B4A 0.05
0x0f39EDD06C2a03DC1599B9C344CA73F33B06fDb7 0.03
0x59433bAD1cd435BCF8Ef3321fB399a559162e5eA 0.02
0x023b240ed9996aaedf8e47050b7bdd128fd1adfc 0.08
0xb0785CF6E66778f2573D7a4C87D1EB5a349D402b 0.04
0x8B2e780df985EeD649163478c2C41804B727A402 0.05
0x356291D5bAb67Cbe6DC849CAF7754081ea80d3c6 0.03
0xF28ed9BE21c4A4A6b06089C4259d93380DF9ee6F 0.07
0xf0b07077daf0c5bc03382584a65002863a29e2f4 0.05
0x27f0C0d7a020D327a69cdaa3DB5cCc83582e3858 0.09
0x275EA439C11948F9993B32FBd299c8D1D70A88a3 0.06
0xCF5cA63c18526b088053659609d6Da060D5253d9 0.05
0x259bAc437F293e65316F524d5a6F89Eb642B65bd 0.06
0x2faff37066717e3090766cb5857ee07a4b500ff6 0.07
0x885b5Df5B5A16cFdC2643CB17208a3a597FC3cc3 0.04
0x52bAc4ebA45Ca56788C7b6Fae3D39796c3483f7F 0.01
0x2fD00B08Dacba2E17be751Ea41715fFa120b18Df 0.09
0xce32debde36583ba6a00293d1a70852fb20e5463 0.07
0xeA2765E6E0d3e27f7D7ebe52b1fd3E9f6C5be8C1 0.03
0x7634F8A21905A651A2dE8159772aB6Fc0f25CD8b 0.02
0x8BD80E320855fFee4A873607c9f948367372Fd18 0.01
0x156db06d9F507AF8E5eed94f2EBC3341a3c81F91 0.04
0x3325d71bb2404c8d30ee569ea67d05e10545aed9 0.09
0x921486083c1A983f7037e6160022b651584642B1 0.04
0x16b4f2f1542d8f4ff6152e344a97e4ae61252e39 0.02
0xf5301628561759fde585e7f9fbcb7706ecf30953 0.07
0x1fCD9ABf637eCf19914cc5e1f8D3D8dd4CE6a04b 0.04
0x3c2D37d046A6B0aE52c04b7940e3C6E137a04acD 0.05
0x35Df19E14b8116627935f1145d9575fC491750f7 0.05
0x8493b9f95875149c6616343b9cA1a470e7f71161 0.01
0x880551082D8d6BC700aa862d0e672D6153ae2A69 0.02
0xa6fd422496c8071A9B051ff4b8a761Ae950D084a 0.04
0x8DD69707B9C8776e38d1dFD474a98952685E9802 0.03
0xCC87aaaE0CDff558fa69A3e0FEcc31E013aD2cB2 0.01
0xB75207f42Dc129845f85Cc9868c3c94CE16eCc6D 0.09
0xea1273e1f08c054626f6a4918c9eb16b0512d0df 0.04
0x76B8605C90F1152790a8faa3904323060FCC7a14 0.07
0x093aD3154604517b296f929DF71FB3b2bdD106e2 0.03
0x0DD720ddFCFb5e9aEd5E9E0A622A475CE72dcBB2 0.02
0x7779E7A4C6FF54Dfa523324faD4D83c83Dd210c6 0.05
0x3a711508fbad94cda3f586ea1b3111f545f07171 0.05
0x7a4992aFAf927852ceed96799b1cBB4d2DECfac9 0.05
0x35eF053e2E66Cb3f8035f58568Aa78EFe8CE546D 0.01
0xCbE366aBd428CbF9f1976E8fB5670b1FfA67176B 0.03
0x439b4855ae1f3c65c3622ede00c60d47e2d0487e 0.05
0x01FFFfEDc2fcd99D4F465AC38B1E5A5Fef1C2f83 0.08
0xdBF36Ef4901242104ECE2C83491e2a949CC1e598 0.09
0x75aA02EbFb5D858ba7E52de77c754008F3cBdFe1 0.09
0x878227c5e6dBE3f69FAbc36810552d64a67f0fDb 0.03
0x35bc8a12bb98f8b5e7218c7b94082f69b72ebdf4 0.08
0x03BDc24d96B403FA85e1b3046485C36CDFc4304c 0.07
0xC020EF5a95297cA2AAF675432cD773304d36050A 0.07
0x8f82198d6bc621577761098246c8a5cfd1ec808b 0.03
0x9A371F797812c444892A327f579C9697936176A3 0.07
0x59527feA9B1Eb4541f42D7f7AfceF7EB20a74026 0.09
0x35ac5Fd9E8E3616eFe7698EF678E285c5f0C1e3f 0.03
0xE1dfd0cd702ca8E5f9247c954C5dB759491a4026 0.01
0xdc7cebcef7a38b9ae665973ca012284500d5b536 0.09
0x47955B05FbC66E1e5d704b56E4055279e8FcA312 0.03
0x7Ebf1fD50F892C9586950030f311142704D265b8 0.05
0x8Be8fa8C06a71CC54f8517acf1A654381e393b1C 0.06
0xf0d960d5e6c5a13934afa93b79d6da343e739bfb 0.09
0xcEDa35ea8e4C21AC6BDD2873f3783C31938dd157 0.03
0xA5093d04B51bFF4cFBc86CEd551Bf2f3B144019E 0.09
0xB8160B372183e571B029f46e278263EfE134F7E5 0.07
0x501BC802E115C4Dfc12FCfe48E7ED45829f5A436 0.05
0x729f47cad359765e557f57bba1fd4bf2f9fa05cc 0.04
0xde8801753a4f7Cf7b69413681d73856b850db76a 0.08
0x7d255CB15D088017C01070A8c938FC9dE5FA6093 0.01
0xDc3F46B444b07A02A881029AF9371FB2404e029a 0.07
0x9E3749E59a69Fa289189D7C5FC229a097ef37fdb 0.04
0xf27B179cE5623beB061E06CC0E68971f913d411c 0.02
0x7C1a57046c5Ea0E9c4c7Ae416673CF591b3253ee 0.02
0x70f8a7207d8381d204276385a97fbbd86eb4e421 0.04
0xe345DAfbF759AAB3Af6B00e6d7dDE3a756125a43 0.05
0xf0962173289d0f4aeccfc4b020f3d6bed8e09b67 0.05
0xd6C0545cE17c8a170Af6C2AD1e52A3f5C77F0370 0.08
0xDf66A56448C0b7AbB42548b5998EE11fA0bb9f9e 0.06
0x1847a67bbfeea809d8d79d7b02f5978a390d575c 0.04
0x30e5372e5E3ACb7Aa3B9694143522a7064306e52 0.06
0x9ea651d1b8b74bc064085fb4c268cef108de07e6 0.08
0xf9A42075E087581bC9dc6C352A452B4252b39F3e 0.05
0xe742Ba99A2cEdbA6B226B37f34308418091cA7Ee 0.07
0xa52401Fc760Bc4E8F075679432109beCfC0f9B51 0.09
0xb2F553FcE7A714531a5731fD93c2dFf28E6E0d90 0.06
0xbD4334b8516c5C3f3936cee5A786E8D67DC024dA 0.02
0x47faab895A39fCeCfbD1685cdDb9dA367f2b23D7 0.06
0xeF862639DeD81bcb73Ed48010b277acF78c620ED 0.08
0x3bba650e6074a117a48301c08c8980ef3d103118 0.02
0x5C5D0DBdf6DC0b26C8FA46126e9292c1b145C2d0 0.09
0xC6f76f5bB6DE40DC9ceD62E72965099D22ad68B0 0.05
0x8ed521DA3feeD370e1Ce5f20322E49ed37dc1331 0.06
0xdcECAa19478A888D72dFe8fd493fE3464C676a85 0.01
0x253E8D0feF325a07FB9bB60B4C3C9149F47963D6 0.01
0x8fc8F9de4CD746949cAfd97306bCbfd576364DDc 0.07
0xe17dac1df645804d72cb6ccf564f82e5e633ef7d 0.09
0x95Dc9b364bF478c27C5b08AEb4d16F6A9d59Bdb8 0.04
0x056d7c3B19eDAf4cd3065551121291d58Cc3b6a7 0.07
0x597fAEAc2e00A274835476cF34975Ef9720Adf88 0.04
0x700591FED7cc6d9E49D9C8435F54bEF02286811E 0.03
0xeFA72816E2aFe39523c2c2B53fe027250Df49533 0.05
0x3386CFEf66B98049A8fFE81c1E75Aa8e6f38cAdc 0.08
0x5F3161aCCF772617D3D0136662cF96e6E26DBbFc 0.02
0x301984B9CA21bC0bF367a42059090a5D75434AF1 0.03
0x9bD87e8bB7679A6e41EdfB05456752698b078BbA 0.03
0x836c7C226366c4D1aB2dAb0E68261A8BB2ab8EAF 0.06
0xa12Fd8DAB17752C55299F12d08252a4de96495DC 0.08
0xE3CF0758A77858d13F7b7faf8fBa8539e0811a43 0.01
0x58570FaB2b650Be01266AFf439c2dA76891462b7 0.09
0x24582F12CDf4C7f42f5C69Ad559Ea0832a1269d2 0.02
0xBb180F9A32c2b80304b501BD6cc9cb90F9Eec410 0.05
0x92f65500c80ef96eb3b0b9884149de885dde8b23 0.03
0x5e7F404474c8507F7cF88F18FE0e55df19D2aABc 0.04
0xbf2bab2282676b49c78115cd774cc7d923143ac8 0.07
0x1C5BF76B173AB97a3102a31f671AbF0cA12C0716 0.04
0x80b8fbea0eb5829804a70f8766a024031f158502 0.03
0x2BF38628A3f96bBAC3bDAF74BFA36892A34b93D2 0.03
0x202d1c252889c5a76677ad84df57af6a59f5874c 0.09
0x3F5BB270d0d37BFA4A9a44a825a19C204d081Be8 0.05
0x81011ae72817d659f861c7413b6a19365b601454 0.03
0x798a113f74Aa974D586A64087B0C455Fe20E6fC2 0.08
0x44473bFfD2b36EBCDF9297843bA28ff5f3E8C977 0.08
0x024EF71CA3d53Ce061ff7b3fF2B7f696a836fcE6 0.09
0x59c511d5a73e5ae30e75a6d907a4213115247b90 0.07
0x626d5275d239e169596ECD20CE701CEd46516843 0.03
0xF2F671daE4d68eef352853F1330D9F706E551a8c 0.05
0xCaf31e7b81635e63d385665322feA0806B4C7f14 0.08
0x07df1ead080d1d65c1900b64473f97b2195d193a 0.08
0xf0389E2c343AFd8f98d28340142585d163508255 0.05
0xa313492669713c65fbee6e57226d704f32cb8049 0.08
0x3731ea7a3864d86907e187185e825bc474141de7 0.08
0x0d2136E0C1a5601dD3AEAfd12E6b48bC2149ED7c 0.03
0x5465eCfFD3E4006cB3D53151B0Be32efCbEc0196 0.02
0x39aB9424D22c6ECfbDB03847DB93F224A68d531b 0.01
0x7066a18D18Ab74d37a0162B2938d8fAA374e5451 0.01
0xef523adafb35578d94c55c31568eab8ce8f10ac8 0.05
0xdEe07Ab4BF3Af52e3b95aBEA693Eedf9f1fBa171 0.03
0x66bF4981083B682e2051f21Ab920466ecA9E17A6 0.05
0xA596Bc0f643e8D4595781653Bff084B46B9426FF 0.02
0xE017a8db0BcE4311d0a74aD5fE9B9679F5ae6B88 0.04
0xC6C0129B92C967720E823deFBC493927D473C4DD 0.06
0x4D56a49321c5C0424eFf9A83d28e408975dFEfa8 0.02
0xBc94AbCE812490D109153fBaA0DaF330EAC8795d 0.03
0x241EBA5b52838F4D0b6fE3760D12F3De73ef6eAf 0.05
0x0462096A2631fA4974713F0C0E29B43b510f6570 0.09
0x40C4B19aB90eaB0ed722752D0Ba1baF805489d2B 0.04
0xb0248276d70c0b970cd2c4f3794d36535b484e3c 0.07
0x301ddd416efc042165da10d93c9231128291492b 0.04
0x6a050BF8A4743b0A01c9deCD340349C642BAF914 0.02
0x3B513EBcC1ec2C9338e679Ed9870F6410A94038d 0.04
0xcb4f36e1c1b09b19ba89e46c52640297b479b946 0.01
0x817710D3F0A286a1580d30CC28ABb0797A789C49 0.05
0x8b6c49f7782d9ac4c519bd18e4fb28adc43a0030 0.07
0x8B12c58C3BEe397036E3fec20c7750F6A61B4F88 0.06
0x4fc594CCa902d0591E61581878F3b0A549BdebB3 0.05
0x6c11b3D2E8Dc88323013E5FccCfafE5a9158a14F 0.06
0x91Cc4F7C6f0671d9D21C4cd205eAE89466862698 0.06
0x6829a27794f4f9e1Ed96c48591D8696F9a667DDb 0.09
0x953263B57077C7317C5D5c21132F6a457627fb20 0.04
0xE075bb2Cf10C60B07d4f975F1E53bE8a012760a5 0.05
0x0303af1d2e7c0237e61e9cc064f22d6088db6f99 0.01
0xf4Ae13C44e3204B151F68729Fc4380ae079Dd234 0.02
0x79E8f21fe0cDaB7999Fc46F3f80dd343351485e2 0.01
0x2d3691b1295f7fb40643980742ed060d0a0279d1 0.05
0x36e8be09af6cc56d14d1a723c7ceb9d7680bd97a 0.08
0x7eC2936AbF7c53d1Ea77AFBd2A7c3d4716d9b326 0.06
0x02418517f24ae9c378f8986fa6abab1e9976f908 0.06
0xc307f970A48Dd854f3070045e614bD48e1eC8025 0.04
0xd0507C41F0EdC2f10C1422333B7bE2Fd6e60569D 0.04
0xE71f153284b5c29a64D70591FffdFEc416535D33 0.01
0xF101260195a48Ea76bD7c010d92aAD4EA934f5cC 0.03
0xD2f55A8D32544B9980599a8322b6E22E2A0D745d 0.08
0xecFc58c9767CF21A03efE1afFA427b983Ade40A4 0.06
0x5c3d7116BC2218ae68D65872AE0A588132F36054 0.02
0x0b90ad3a4db11C09DFf3aFBC6C16F93580b93a22 0.01
0x8914be19f566205599894AE6503A3B810Da777Ef 0.01
0x54FFAE26e1DEAAFBf66F8Ab8E59a324a50E71CF6 0.06
0xc997209166F0f6C32e110c441F05194Cc030cA0F 0.08
0x612983E411b4e928bb8881b2a3488A8FCB50bbc8 0.03
0x76c236e73F7d160b299dA581A307239d2a1eec29 0.03
0xea28590f24ad9ed8317c5971927615ae5e26a837 0.07
0x0Cf1C319EC78b68DD4dC2563B96D0032613be6da 0.09
0x60a8402226D5abF2e4d136ceEceCF662da1DaDbE 0.03
0x6a75a8ac51390ef987e7a09d898e316d99a3d33b 0.08
0x188F97B3EC5575D53a0D064d5c65983df585638F 0.03
0x8430f93c23cde5631d9fec43143ab2699607720e 0.05
0x00D0682826C64a6B81C5e331fe7EbE0638182B22 0.09
0x40E7f61ed57AcAF7a5FA355C74654599B31e887B 0.08
0xa257c7eB8f2EBeA8E8A2c9a2FCB1D1907b9f7Dc2 0.07
0x5e4C20f6DdE1EB700eBc603d7Be0916B3132C28b 0.07
0xe4b709210Dd2C2BF529ADFcf883ccAa3D12d1E55 0.07
0xA4fEFEc3eCF06965FdB6Aff9FC0f94374AA11889 0.05
0x0E3D0c5cb36191fFd5f36a3981FFD4F97183c640 0.04
0xD8DFc11A0EC37FAAfEE57116e91B49C4048Fc176 0.07
0xe6E31Ff9dCA4B1A0469814405ED64175cECB102A 0.01
0x4f1e3acca62e1d8d065c78a7bdcfa9bb47faf309 0.07
0xB14791cB646801D066ce69548aE8DECB6edDDF94 0.09
0x2cEef6783A8ca7a9de063B1aA7b2458a0bbe5ED7 0.01
0xA6c9D5045b9126525B51Df71b5Cf8FaeAb26fB0B 0.07
0xeec8e92370388c92b7a52e02c9c7c9eab0385ef2 0.03
0xb95Da37e468fC77525615fB84dDC7A6F0a6fC1F5 0.01
0xfA453C406Fa2ba70bba5D903CF24C467f980E615 0.01
0xeB9F58FA94Acc61420A0E9CDc8070C94b60B1a1C 0.09
0x22d2055Eb9Bd462eFcBFc27F49a3BeB6aF19bAD3 0.08
0x061dA365e921273255B508457E4ca92Cf63de599 0.07
0xe99ec8f3b7b7a99ea6c0485cb3ad184682d3cdce 0.02
0x0A68f0869159b788f52197a9354f9Ab8530b5fDc 0.07
0x819507578163236fE47Ac16A41278D4de8D9769a 0.02
0x84979Ea5543D21582653C59Adf7A4879Cd7E347e 0.03
0x244d6E2C04F3680151a424f2816caCcF89676455 0.09
0xC7b9dDD97E53CF2205dd6893C8a93056237b8b2f 0.03
0x122208b7be82b15a8c405426a63885ebcbfe56bc 0.03
0xC1dC6395EFBEd5A2747CB00b72DC71AF14df142D 0.08
0x1FB292729F59794dA6ABA32C2405A2922445D988 0.02
0x80C1652F6de8c5bB4519Ef6117e9693aB230Cd37 0.03
0x762C0f3Ec7e91529152ab34FC24719448ca087B3 0.08
0x43a85a71EC547e691891b83a4d0380469a781330 0.02
0x0d779521A1D060d371303Eb7F729303BbD01220B 0.06
0xfde232d512d55d8a86b349b841d7c84dc8ab3b68 0.06
0xeD44eBB603e54da8DBAD654f440507192911755b 0.06
0x08a7fa89f4427022f75f7143794f0819c28ab1ec 0.03
0xcAF7d794Ade47de635e3168F755a8ba5751B7A1E 0.05
0x113512d4f7ca01688317c1fbde1c3fd4b1c9adf0 0.07
0x3E4C3b0980908F438084a509f4B359FD5360CB16 0.07
0xe4fB8A30408DF476BEE47D58529EC882647Fc617 0.01
0x8e653c15674cE9eA7e27690F3eEa2893520eF23E 0.08
0x6ee3ef20bf3b65bbd703b8823d34adf34a69b5f2 0.09
0x15AF53722eAC6124436Ab9083E3429240A70030A 0.08
0x560C1a7dD6dcD97855f9cc4eaD8f0c74DdCEeA7e 0.01
0x95a70623C639BE28AbA2331Cdf28886FCa4e72ea 0.01
0x551E53Da2b18a3fB170184c2070002af41Ef74C2 0.08
0x96DF6C990fa7cCe5AdE17256CFED42790356f18A 0.05
0x54386E5f680cdA17CEe5454270b5aaBe29A36D14 0.03
0x367F0ca5Cb5CC1727714Ad145eeB54bB44471f41 0.08
0x04e85ceaa8f125addae33498bdbe64e4aa9f33e9 0.03
0xcB3EbE7755fd33c277a6054c87b8Df750Aa0943b 0.09
0x5aF84f1318241b4224EcFC9e6d4e97a3118Cd38F 0.07
0xDC218ca5f006C98D9B74F3d19e2945094E2641Bc 0.09
0x43B2AD41534B6803bd8504Df5298eC4e5c80da12 0.06
0xabB559807EEEC75b4C3Bce4B6891699bBf86f42D 0.01
0x2c7eF7681F9A4E458635717046F733f3b7063D16 0.08
0x979AfeE9724656063669532Fc4C1b0D3Bf4682e2 0.08
0x9d94C3B3b7Fa876069ceB6c8A3639a76Cac20eA6 0.08
0x118e6529c78bf7a9484d13e5b650be11313448c4 0.01
0xfe51f0b9cd695ec1b04139c4570fee3da3d9b881 0.07
0xB5C5755e50321DE76910c4aaBeDA6791232750E6 0.04
0xf6f3ab8b6e309457a489108ad59dd1ce185962dc 0.06
0x0A8d631c76Edb1DCe6D41d5E223dB1444185033f 0.01
0x3fdceFC2f9D248eFB4EB28db39D9990Ce09Bc9b0 0.09
0xACf152056d8B101BB3D383a6a0eA735d7239b4E5 0.06
0xbAe08cc182208974A0Cbd7255759A637ca01A31b 0.04
0x2dcf3bc71fc4372a4cd4604156c93ae43cee75f4 0.07
0xc21f95280a798cc2d13b0bc1ecde58cc5e43ff32 0.01
0xb006345BEE21D33eb8B33D72423E755e2B0bf97B 0.09
0x49d92C56EF0059D04857e33C497df306D7825C3B 0.09
0x3dda7355a1bc33f489775c2b9a3db414dd0678c5 0.01
0x8a272A0679Da48442Ebce4822F8Af2915Aa82C72 0.08
0xBc156640Aafc06410dD31DFA7635Ad2D6382976a 0.04
0x6844943dd1DCA408C11d05a2a1CDd92693994AD0 0.01
0xaBc9e8f05c2D9BF8d19050d3850114F5C28eF747 0.07
0x793deA0fa6A97F5Ffd8FfD8CDB7f2692752Be4D8 0.07
0x16BCd653B0B97C0c21e0bE9c0f2A043a9A7436a5 0.05
0x5afABc7f77779eF211361EE145a6d48768FF4a22 0.08
0xefbd10c18a9ee8b831b1222b2247e28dd2ac5d5c 0.01
0x4d6d1dca0bff85257bd6de9deb659b528673bdcc 0.03
0xA8a001CEcA090D369F40C0846e43E23881BE2391 0.04
0xF2A4eA7C779ac91F1e9Cb03dC9f740255450B754 0.03
0xf2CECD3A44d891B9EeCF7e45A6B74703328bFC96 0.03
0xb8c414ac0e18136FCc30b1Ad60A8430ed37407CC 0.04
0xc1fd450E78C2ef8D1aC0dbF49319E6Ac703F45a3 0.09
0xFC347467d360C9B77517E8DE1FcE7a6A9B84aDD9 0.09
0xeE15846da72D95a47A69Bd233386136B7E5F5Cb6 0.09
0xa1b3365671F69952a7f6E3Ba43180Ff4F23c6C4a 0.01
0xbB9214920D1AaE481fcEc77401df9fB0235E5843 0.07
0x218A49cBE8F1d78C180136a789f3bD44E8f149A2 0.01
0x10007daa5a4cC76f8FcB9535e0F0F8b20AF2aC85 0.02
0xCf737f60174b79edDa3DeF2467c866c3162b1f1c 0.07
0x52abb6bB49057e565AedB848bf3D54988d55ae4D 0.04
0x1D154827E2318bbb357a4f68e42f942dE5238703 0.08
0x778D5b290142ee1edB564Da1B2AEfF743af30b36 0.07
0x6a64C520ebb2b268c05c2c575Af918adCd703E0E 0.07
0xEBA1435844C075d8f163fBDB128b27746C1Ed169 0.05
0x64203Aa7530AaE0d761aa15841ce10A2c24cd022 0.03
0xd81b5cBf7c009a2684F42788562248BDd52FFf17 0.09
0x3f1A4657C2831f2E8c999c02Cc2f06dE588C90D0 0.07
0x278751c9e72802d927Fe187F98fa72CbcA40713B 0.04
0xD79Cd948a969D1A4Ff01C5d3205b460b1550FF29 0.07
0x17d69FB409908e952391449D7244A73C4b9159c5 0.01
0x01a1E1a4915756ec088059DD4Ca4a7397024618A 0.05
0x33797a9f582f56325e615aDB172D58a4e8775de3 0.08
0x7A95Fb60Bc9977917aA4B82D9eE15C9CFf104ADC 0.01
0x0a859BBC653a1fE54Cc22B00d8627fDc2E9c0659 0.08
0x92F38bbcE12d72DCcdD1439bD721Cc5CDc6628b1 0.09
0x5A402A55989Bdbb65362EeBE6658bc285acAb572 0.03
0x92eb7e7af09165deca258812e709279d244d312f 0.05
0x4005468620678Ef859f78a0E6b06f7a2FB5F25CA 0.09
0x6527F3A2Ec247572c4b1611267A858455e617A07 0.07
0x4a7C8E657Cc9447170e5b879eAB5c6b2D8666A3B 0.08
0xa136D3F79EC445d749d3905702CaC790C79046E1 0.06
0x818246270B30024742CA9D1bb8ACFf0e7f95A4c0 0.01
0x786cCE49D8059E43dA326d23247EB1b81a20067d 0.02
0x84067ff568245995b9172a4cba599dbb601e60c0 0.02
0x2d4931AFB1C117Ef21B919607848372D14D7F889 0.03
0xd127e9e2ae247ba3b0f8c54814d65df9d0f2fd61 0.02
0x2fA31798ceFA413713ffe4D71812a653c56e3003 0.01
0xd73fA43d4a374451E6F74D551B5D5Ec5166Ad192 0.08
0x43002A107302E4d0ff03122850899BFd4DfACfC4 0.02
0x6297b06209170Dd7b1D65F82Bc5ee07AAadB9bAe 0.09
0xEDb503A22364e370FbD22b379cEf585670321cD8 0.04
0xAd80345900Eb6D26A1eFe9bc0bd44758AE75487A 0.04
0xeb14eea07e735e05684f64a6ca0c2675e3863ed9 0.06
0xf6a97245D65398C50f6b353d510cDd3d94e5C932 0.03
0x820d68911B50d5b6819E43244101e521E5827f7F 0.04
0xdbA456b6787afc0e633A53aBf4A2927c5a9c4D00 0.07
0x83b98e79c5fc674020f593bf38c98d15c9a21dc0 0.06
0xd63060e85827Cb1F9d667Fd78496cEE2e8D7ccb6 0.06
0xbB1e5824ebb448E6f5233d719500df03DB0FB96C 0.05
0xa5e91caA762eA1289f9Ef60eeBD2240f58C005B8 0.08
0x422dc2b2e6ff5E11BbB2b64097656F3339E71BEf 0.06
0x13A33E7894944Ec761083239C0E646FFaf4929B0 0.08
0xEC2b4ACBeb411AcC2284f501E991d7a381D8e1d5 0.03
0x7b42f5ea237ff36a3a4464a216e821d3eafadf48 0.05
0x66E12d7DFA9E1D4a7BC2e8B44741a393876bF25f 0.05
0x9520560a162bea47708d34185e52e9da6ccd362f 0.02
0x505CE23B10047B02b885B3a3942F99a3E436F9CB 0.07
0xfadE869c61FE4fcCd12EE5B1A200B6eB8bF8cc5A 0.08
0x7C1279bE31Ed1Ec8199cC16d22913BF2Cf888087 0.01
0x388A48Eb61673237F3bE3846d086f4524CC65699 0.06
0x1d74FA9A542a963CD98759c5e7423A841c426573 0.06
0xf7E060986F3DFEFF70D520010Bd8F4f121049c2E 0.06
0x44aaD8B61C212C9DcbB82a1b3D1f6b60946C62F3 0.09
0x8d985925f0d8e2cfe85c3cd0cae7f1c9872b613d 0.09
0x9afa7ddfde26F51999bB25bfCb970182e86DC83c 0.07
0x8C8961F2EF091202Ccc51095eFceB700427473a6 0.05
0x8DC9eBF098Eb89f6AB4aDdDec6eB4C993CEbBB22 0.06
0x72306dB46E33a784d68516bC92CEdfeFC1539d39 0.03
0xB13A1163c5260FeE8c8a443B7597D7C12A333C1E 0.06
0x537417DD88CD7900873Cb7EDA51Ef6BE0afD7573 0.04
0x676f05c30Ed4A1b80Da055Fa5DF0Ff26199556C7 0.04
0xDD7C9e0c1300D9295D98330B3b45e211A92EAAd4 0.02
0x51e2fB3638661e5b2d6146481A469E1BCad2Ff89 0.06
0x65c515d28Ab71E564F721f0e632229c3a8Dc2DA9 0.07
0xee6cacac0810ff52f367f15ec56f40342a65bdaa 0.05
0x87A94Ce2152726804530b42e5752c259ce9d82df 0.04
0x46290D451265bc1a24F46E7d0C2e437F97DdEdEd 0.08
0xf1E2842cf69380E1100A89a73Ec7e6e702dFfbf0 0.07
0x0fe90d5d5a056a87080ea0d16ec4f46dc0521d6b 0.09
0x0f6EA2EE9e3CF735a9663FD43e3f01D4C3d6dA50 0.01
0x7027F833fAbFeE8cf9fea818ccFacaf60f6F3F57 0.06
0x9b09B5cecBcD50684818A99E74b88B77F6957591 0.03
0xc383e2f68f2aeaaafa0b0bcd861d4ebc113629f0 0.03
0x39e7E5eb9f6Dc7fc369ea339756Ee58F0fD4ef53 0.02
0xF7C741d7dA4ADE9e622e2e95Cd9689e936d2f6d4 0.01
0x6A48c78361Eb977940D8f15a0279F89AddCA2eBc 0.09
0xb39f7b09649fa42678CF7657B7f9c157b325F517 0.05
0xa42fce98b7cb5ad60d8c5dcbeca77b090b901610 0.06
0xA55035c181ba085Cc5677D53d80A76A0cAc5278f 0.03
0xf9803F74af58808CF69Fee20A34D3D644BccD48f 0.03
0x1B7c1c87057c1d5cCF770bf42bfF47CA0F4A760B 0.07
0x958B7D656080936610C310682d9D51724bd761bE 0.04
0x3b53Ac6965adA47d450d43fE3d4871e5Bd74E25D 0.04
0x1E1431Ba344Fe811A601A64ab2F28Dd32e3E6D77 0.06
0x42c9af8954880d1B0ad86a537b08a837139a5cde 0.05
0xD334805b50f665a8DCB71Aaba7a07A127c0a4766 0.03
0xed966f7d4ff7c54cef7d30ee38010d2f5429dc19 0.01
0x2a7222E43FC131cD97525cc36F8d1968B618aC61 0.01
0x03e67cfaf0c107844a02fa4233052afad4bd9272 0.09
0x197ce296DdbaD3488efD8A98eB9B0339442174c1 0.06
0x4Ccc39231F18dBD712B1E9AD8BF6194e171be6Bb 0.04
0x34D09cdd03727F744C2b7BF4066f1e752A8233e0 0.03
0x9F752A43b08977784C8D59278d41809FE869A88c 0.02
0xa122d496F77b7eb1F5dd11A8Eda1ab87DdE2CB12 0.04
0x74474AD5641E3DA81ade8E4f0019D73C3706d970 0.07
0xf1a9fa7781E3eCe910e8B010DDb4cd947824b279 0.05
0xbD53bE6FA38C96E9bf50a9473f6fb5C509580Ce8 0.02
0xd768a4f8E26295f3b98d9Cd79d6D688B0D47667c 0.08
0x3c60749B6DAe92341937d5E8c36b598715B26e42 0.05
0x91b34D53fcef3C872B31B4f21707812f923A872B 0.03
0xfF218C87A2Fc095D12670E00D4A5Dd4d68581cB2 0.02
0x9a3AC16909d69A2DE130CBD2Bf7a110d5A59c27e 0.02
0x7D11973B2e80aa8776CeAbfba965036F26965EB8 0.03
0xCBE2dFd6a2E699fb4F73e7d0011F9AB263EA1Caf 0.01
0xab2ecb15a8e7be77964a9e1a941621d8dd4854b6 0.02
0xEfdA7AD25dC183E92c422e3941f1c851068Fed80 0.04
0xcd748433DD95F2e502582c4D66086f4cE293eE3c 0.03
0xedFd232e7bd00F8Ff4a9413A1A65A4249f70e7bC 0.01
0xE0F2CaBc586aF1A977244352E45BB6b73e141b0f 0.05
0xD1301f1A6a963d3c8Cb74A1c4DA4cD0dbdD751Db 0.02
0x9e2d1cefb0234861d0458e269bb4c8ebaef2e676 0.03
0x930A350e11db801Da27a31B2a3F822E95259717A 0.01
0x27e48B739CA248e7F2b74e6e31369c58a93CA42f 0.08
0xACaB5B5A5ba410FbC0f0CC14e8cE68C945eD657C 0.04
0x540b59Fd7Db21259239F7bF646A6660f5797a0cb 0.05
0xD117F1452386B96C64E01Db9C6aE4E3E6a45f2f6 0.01
0x81EAe66e36967A00ae85776c00fEF5CC1699Bcd6 0.06
0x4574D2FE8822B570D5512fa594cd9A825a2D221E 0.02
0x89a54Fbb46918fAB86DDbf99Ff615B07A1E2379E 0.06
0x589bDE907255f338fC70650B6783c029bAC540df 0.08
0x4551267f6F0a070374B6FeAb1BfeEDd4B381D5c5 0.02
0xBa1ffB8993063cd5402CCB84f4330177D4410fFd 0.04
0x6D250604FBDcDF429d287e968bAA82a30A0238a3 0.04
0x2f9C74F3d614aA3980d3B13E2C93B55231a4CCeF 0.02
0xACC5Bdf4417c3FBb9b67a90e74A685d7EcA12463 0.08
0xea396578d87df2bfabc17b61fd9b9bd517af159a 0.04
0x3C63642279c464C3877c186b331fB1244e77f425 0.09
0x325e489C146fd48e80790d0d2bd00d8F9D9D4735 0.03
0xB34159c502267a9CE31aB180Aec68Ce38a53f4C7 0.05
0x87548dE25597cf8CF543B3dee6c6b81eCD0BD4B7 0.01
0xF7Ec05C0227DfF7214A9C678256c75ec5cA0aEfF 0.02
0x73A21A0c9bC88b408aB468df0374246Af88b5760 0.09
0x0E3734B34372685ADB1357e1c4B2333F24A1F665 0.04
0x00BfF3543263a81B618e4a92a81058c6d6Bf27F9 0.04
0x65587ce30e145EDa20a882d712A70179046DC9Fc 0.06
0xD38EF0e2144B67316522DCe1832f08087A0c1A91 0.05
0xae374abaadeed3e566aea6c3c1274592072688e4 0.01
0x1A60c9258688A7a0F81Bcb2aA1fce39EDD4191BA 0.04
0x0c233b5ba1604a43bacf1fdfff13c958a9104930 0.01
0x77ff7adFeaF863d0Aa891E923e9Aba7654149063 0.06
0xe7eCa9de874A5A2175166c763a638D3f657B2BC1 0.08
0xe59ACb265918AeC4a34708cC59411C1d5a858642 0.04
0xC806Ae4214581B2045a06820611dE34236d50532 0.09
0x62dB1661AD765167ab28a2BDaEf785F049ac9498 0.08
0x284a73c2ff216a83740783c8acd1f021b2ef08f6 0.01
0xeE78DB4f28abbc50C5D3a52AA2C4A86cFf7C4D79 0.04
0xDc178dcEfafCB51D08430191EF5e450E8EB83f1D 0.01
0x21abdfa71fc0d5e91a441251a68a23da085b06a7 0.01
0x77d4Bd83065F7D2D1f594b72f548bc058E4dC33C 0.05
0x469Ee954600DC6fa56ACa419d621fb6f6ACeFD62 0.06
0xd827316e0cEBEe5b2dAAe5056Cb35AAe50B3458A 0.07
0xA4D8230DA1B4645384bB6669212f6CbfCBaDebd7 0.01
0x5adaa5dA1b30e50F7d7165690A47FeA763f1fd2d 0.09
0x660D63dD5CBB622Cd3c79825bCddC4b4c7a285Cd 0.02
0x1a4A76804A39185D33Dd2a457E3A7576547Bf795 0.04
0x30D077f551a17f3Be4cdE866CA4FAb611a240a5A 0.06
0x0a3b7121f386eee3d08624d818adb77885e1520a 0.08
0x3d5f41b05a447e79d9ec5e14215bdb523e1cf846 0.04
0xeC7590aE706c48Af62d185E96C16c08EAE904791 0.04
0xcd0686b4c102ca4afa88dba877e6bb8f72ac15ca 0.05
0xF6D5a3624c1BcF98C7e8CD40d6cA03FFE0CBABaf 0.09
0x8bA20557357049E4cA9df7a96dB6863B986e6306 0.06
0xDed9bABCFdf5113Bdc3c602eE68C7D1c919DadF3 0.05
0xA8b0DBb9749e8095706b491BBcF899722536395A 0.04
0xf6C1aDD2d4665f63907E3c4359edeCE40E6be9ae 0.03
0x96024648D238EAe9c600cbc071A420D722212299 0.05
0x022B8F0Cb227e2e0cd1844369Fd58d4A0857Dfb9 0.04
0x65aF9020Cec26dd1dc15C9890c989db7Ab742561 0.04
0x90D8cB3F40594a807CAB17F83bB543bcC1e94D2a 0.03
0xb7536aebac751ef5ddbd176c2bb95edf2944195d 0.05
0x2182CabD868EB275aeda80C69Caeb9a9b25Ca93F 0.04
0xCae983216ae77D82F3b2f4e4E04Cc0aBC0d61c95 0.09
0x2Ac0d0f9171eD55eC157aDCC95052e78eef515CF 0.07
0x4ea90b4E5D0677d2726f8242c9b9a55636414922 0.06
0xEB224109e783A49eB6f7F3F53A07840888Ba0924 0.06
0xd1c5ee7eeb60dcf386df10178ba9e6d7234e9e15 0.08
0x2c1f89Ecd8c8468F930157b68A904f3D4F7F6f2f 0.06
0x980b2e3D4C8C78cE8caE46363770B886Fa8351EA 0.03
0x955ab5E151B4C9cc7815C67E4062C26e5374ed61 0.03
0xF4ff7D57AF99cc4d75f0e8edA77e091B5B8be353 0.08
0xd43fE19B187CAaDc79cD9a1e2440e012aefB901e 0.04
0x82aE6cec95d660d7Fe54Eb1B83C7a311D1cC7B70 0.03
0x4BAf92c8a0ea43f39d7E9c5094F10e74031d2FF5 0.06
0xb47C7740D0D7FBB03feDFe0Ef4e85F0CFdb3Bbe3 0.06
0x7CA396ec266d756f83E0B6bfAA503577FBFdAc75 0.09
0xf8c1babcca0920ee381ee886c534bc682169e6a4 0.01
0x85d6669973247e54652E0B8697090C1Cccb1151D 0.08
0x2d431c258b5343d85d85B490762928363A19504f 0.08
0x4EFAE2638Be8318b01B7e6835c550Ad61dd464D1 0.04
0x523D93D4ff0cFF438027A62474E2cE31BEed7caC 0.08
0x9984F61ab75269c4eD1a66891d9637898053d3C3 0.07
0x2B5EB271782ADEefa926e0b1a461D666f74c5E74 0.09
0x27f976f166f0884B2925d83a5b24A3445463574B 0.05
0xd02203993E1f011A590226538909e4C1eBC813CE 0.07
0xdab1f8748eEe0BB45a14B97f76D858264Faf5B87 0.06
0x163d29e4586b6987d9f51c262d5199943effdc5f 0.08
0x9B8D2dF353A0b9705cA24289087Daf869E6ca072 0.09
0x572bc072ed0bfb74aafe74d62e2ff47b4fd3bcd7 0.07
0x87498f9d2a729477042188A71A9552d68BA9ABDb 0.07
0x391C79Fc994a8664A624C2c1F09F7989F8cF16DF 0.08
0x1b834d6C7CfCe890e0ED493ee18E310456285087 0.09
0x20Aa7B83579a170c31802ea0F047CCB3079166F1 0.09
0x5820504677C5FD5FCD1Ca9277ad7fc5CdeAB6F90 0.07
0xFC5dbcD67A2B43fF30090a3e6cBD445F8B49a269 0.02
0xb2dde9CA281d5bfDaBBa3241726c21Bf67763973 0.09
0x1e17CdaDaa4a4F77fD151876aaa5Aa77098a963e 0.03
0xe786810DbD4b0C9862059a766d834Df50FbF4E1B 0.09
0xa161ec8f3e54728ebda6b71c3ff997107d4f87eb 0.06
0xf5689C6E681995b34f5e7c1F302d59964ff54672 0.09
0xDCaaC81136552FF5624aFDc938953C43Cb328D8c 0.04
0x4fa22C523CcaB0B17754E7Bf11efcCe47F5967D9 0.05
0xd377cb8b070d33234b29a10155c55262fee1daa3 0.06
0x83036d5Ea8521683cc93B5cb88A7685cb7eF853E 0.07
0xF57A37F68d79809C1bfc1E23bE2F440e176b8886 0.06
0xA7ddbc6cedBB5631D0e1BA37413dBD5b8e0ba895 0.01
0x2b2d25d09e505037652f34aff2936328bc533341 0.01
0xE5fC86EB37bdaA553275EAA9De51d60075011744 0.02
0x02667D0862dAbBE2B135e2d54A54f96975f60440 0.01
0xD9AEB7080E93Ed2D6be145F859699f8A3A8aD510 0.05
0x1830189078286aA1f73362694bB3522233310C4f 0.05
0x2Cce795e5b09C67AdAC50d7b03AEe75d77447aE9 0.08
0x6440d67B9a6F0541a51d6d3a5549ce82D6a10549 0.09
0xdb380C65c19F31B53d7763113eb8d6f3aeb636E1 0.08
0x2f465A482DFC5af228230227C7776E145E1Ee6D7 0.03
0x37F8A755d3F68Ae3DD4CBA60683D1187E182bC0D 0.03
0x8C880F92f5eE205580bC90c7e27b3ba97b921182 0.06
0x8f21dA91F792EF81384d580E7Ca91Df88D02eF4E 0.07
0xa53D92ba59421b3Cd48d0c12CD1c544107EFFCEe 0.06
0x3240e9000037342c61a64Dd81a25d826BCd8d644 0.05
0xCc654dfD9b52101445f233AF556B7C5Be703eFbb 0.09
0x7C125159cC5dda5422C1A543D006183ac03023d3 0.08
0xeb3b9bAC44743149bC91d0cD74Ccf2a62dBFdf39 0.02
0x461Ab30Aeb724b004Ee914698580Ac8771872Cd2 0.01
0x11B2bFd17B942692f3c7f62908Ae54f11555f39f 0.08
0xd8a3FC0a2B06e9e5DA3e42533F45ff05BcD7EdAB 0.03
0x983c68e5ab1789108aad32514511960f3bce29dc 0.03
0xC0E8B3EAeF3D7a0dca889089A79598bAcEeE0Ec9 0.06
0x32bA856A58bca02B2c87DAd29E3B1B0646c07E53 0.01
0xF011e4A97d0c9916bcA3FF7F0a96ca9c028A7036 0.04
0xc701389C0a8738C8E81Fb06eBb1732206EF3183D 0.06
0x393B995019920c9E586590978E5574Bf590cb775 0.02
0xedb563BBEEf601B701676f5cCec5eF3109Bb33a2 0.03
0xEf1bC6ec1066fa517C79BD3bE748143fE70fBb7e 0.01
0x8A6c4807824E135769f0286fe5F0a5Cd79736A95 0.01
0x1aE8caFAB6809fF6E5E7a16aA9c1dbE4f901C895 0.09
0x0d684E2cDdA8E4dFc05b2f1bd97c043a2b6Fff90 0.03
0x81eF7De1d128fC480E4207eBF5539Cc0f6cF777c 0.05
0x78A16909f2f65EF9ADd8aeA05BeDe4031E9458c9 0.04
0x57d5b384D776c49bB22a627b327cA782252672E7 0.06
0x8bB091EE095fDEc70263a969803D4B1791456346 0.05
0x16e266CC654A6C6378D6e2aC6a2Fc5a94BF2a741 0.05
0xc9819E2951DeE399EbB7aaEeeEEd4693c0E6F06a 0.07
0x0beCd35b35Af267955A881123018Cf5A75598f5d 0.02
0xcf6b4cf538E5c659fE60E864B1cFCB9EeF652896 0.02
0x9dcac691219f81fa2fee673766bc4a2b94dfaaa8 0.09
0xc71D239309941EE7AA63bb17cE703613445ce27b 0.08
0x583f12113a78EAAe0651f2a5d295521898fF6066 0.05
0xe1F29179f194Fc7A71292Fd67d93EA2A07F58c4F 0.03
0xd01d3A6642B482F2CF506cE0708329A6B7249C39 0.02
0x49F27010e4b3CEA1F47C65038Abb943474aD7877 0.02
0x4d21a41db0771ab96A42cf243b2099f78f7e12c2 0.07
0x21a43a1d8B9A70c2dd70cab446994f83104f5f64 0.04
0x526aEB11B968b79Bd6171D6e2d78F16D6de4B39B 0.09
0x66F481C119F57d6F67EDCb3C2860d855D6426226 0.03
0x5276eeD447df0579266D3817c363cC21b43D5509 0.04
0xC2f47bf9Fd20e25FF8caD35Be78aE24233288426 0.09
0xe608405Ca516209cF2Ca491CB35fE66C45c97feD 0.05
0x6B3C667db49eA3a1bc7116A94f779176e65Dee8B 0.09
0x31a2D23E08B7AcbD0c6dE6fFE6FD37E00Ce54BD6 0.03
0x97E90C1AB9D99Fe021c72C673F8aA3005a75f39d 0.02
0xF584D0179D5BF91210F237dfD22d84D43C03BE24 0.07
0x99355b0De7E89E997f44712A26823A87D1f0D7cf 0.07
0xe8C3FDD7255a7D8cCa5F70096b2217cDcA3102F5 0.05
0x1401DF616BaC9b807d68e5A8960521f262a84799 0.08
0xf12ab5de33d6a52d8197d07e48bb8499d4fd83e6 0.08
0xAf241197e3b92Cf7ED42ED8f8A3C8fb405cBdD38 0.06
0x39DC6B8087dA1D9DFcB4a47Cd3Bf877f878CA4Fa 0.06
0xd120FED07a2143797b1be15F3495B88bdA0FD3bB 0.03
0x38E8F68A2B2547Ba771a866Bc8beF782Fa6117F5 0.01
0xfa1aa4e828973d3606053c30cffc7bfc4972777c 0.06
0x43B037E051c33ce35fA9848B9eE3b432Eec10411 0.05
0x9efd26160c69fa37f048a51327671655356aa28a 0.03
0x6a05b312a48fbc27cf381edececaa258fa144e1e 0.02
0x890E0A4e5A1708a9421C46575B1d143D02f9F2dd 0.01
0xf3aad5b8f0545d0dc45f3c39778c4b95d70d2c44 0.07
0x7B5704Fda623b912D63d311018409Dbf39132db5 0.09
0xE668CA66F9fFCa201A74f8866C6f62c4Ed229b8c 0.07
0x1204eE128b51f6625D03047ab7BeadaD6403CD2A 0.09
0xc8f2502378f0835bd46460498d5e7f44e6a8d518 0.06
0xcd8BB4379511F51bF22A6f53E4BA46DAD4dB3dbf 0.06
0x75ac3188AA972ECe513821234e9dBF8DDEA33741 0.07
0x743af1C5520eCd0d00909155CCea9F606EBde8d2 0.09
0xED480d44e6B0b5dC886395e99b09f3Bd24894304 0.02
0x20659CfC7d2054938f5FbC054ff9e440eCb4A4eB 0.08
0xAdAf5e4402e1FfA13DC7BD3f6d641bd6Cdb7d517 0.07
0x54d26315427750c169965d43637ea234c8217012 0.05
0x42E5e72965F20E2e3164c229aeeAA08E580EE7e0 0.01
0x7A28Aa25f2fFFb642D19AD4c94869CfCca5655ed 0.02
0xb20757e4758fe703035cd81ea1adbfd201625d55 0.05
0x53f4882f4bda99c8665c51a69721176654f22ee8 0.09
0x351D417Afc9C60D13BCDa0cfE42B4cE89fcC0181 0.08
0xf5c0d33d417f80e44f688426bdbc9c3b552952b8 0.05
0x8775EC773b5c51369E886Ca1BD541768421962eb 0.04
0x590b113cd01546067735185f9192a526042f0de7 0.01
0x1d0a5648e399d8836764caaa332e9d3f6ab48ee0 0.03
0xdade7dbac1555e67d190e838781f31fb5c37ad82 0.02
0x1d83f04Eeb34140D725bE6543caa0b9400421e5c 0.02
0xF21519d1050ba4f41fD693aF1C068Bf974A6e263 0.03
0xfED3947f71BbFDF5c6b489f1FbC0f9ca5936aBD5 0.09
0xD24602B029AC7bC2544D4f80CB01b1A5fa052e9C 0.04
0x89FD0043d632D45cFaEC0cF6A02760894edff83B 0.02
0xe4F9D4f7b2C6572DFa491977e2DCF35B3909E844 0.02
0x2a59f330887a5ee628946f960652e0d5da299fd0 0.09
0x2687f92222a6877d826e3ead58401a9a5244b959 0.04
0xE646AFbbd439831Da07b7F7be8593D04a9b53C9D 0.04
0x4D80B599d66DF80F9c51B8A75F0cCc694aB9762a 0.06
0x812c696469b4dcf7fff0128880da1fd2bcbc5835 0.07
0xAEa7fF91fD4db8Cccf38cD50F3773B2b601e636F 0.05
0xc61aCc95136f18B22C96D0E6020c6547D532E69c 0.08
0xa52Fe3F1453e9b73A366a2938E0b438cC377DdDe 0.02
0x7824f96caa80e06f149c1ec25ef1a52774fe5b61 0.09
0x79455cE09934ce0EFD07a4FE3DE785a57ff028fb 0.05
0xf5a1748a9cc2ee71153d28ef0490fc8f27f339b7 0.01
0x021B10bc7D43c1878d4c4053BDcE1605628A18a5 0.06
0x4f983fd46f157b39d8acf59b88e65897e0674fe7 0.01
0xb047864d3395528F4720fc299e69bE2895230C96 0.06
0x2c3e33AbAf87C3028C8bc60A7f7fD97938be2A4e 0.03
0x9c9D5650f1eC8e3064A351075ac4F591D948a791 0.01
0xCEe27938eE7a57c6481630a1464C6F332603f61a 0.02
0x405e289944D3b38ae31421aC046d0714a173Fed1 0.02
0x74CDAB8c825898e7a15C9d5F83B93128646946EF 0.08
0x1b6a98251a698b5beed347aa4e687ef7ae34663a 0.06
0x768a2Fb09bb17eF04B1fB6aeA951619eE62113dC 0.03
0x165314BAeDb5AcE8c1ceF773EB84db76C9553cAC 0.04
0xd4F59805323AdFbC48eD02d317157Fd2090c6076 0.05
0x0df2333aF9295BD8b0D8Ce30bC894668629D2a3B 0.08
0xa6c7F48E4ec3115104dD983C93E97e664F9719B6 0.02
0xf8e8123eCc48f203f69223B72979768a18F78A36 0.05
0xffb6FF30bbE05FaD1D602eA58eCB0C14c721A7A4 0.03
0x6aB2a8e95ce0A85E2eA3ea9B36bd46EBf6987Cd4 0.03
0xc761d11b8718f053dad3f32b51d571d42ba03fc6 0.03
0x59f1bc283aa0d84dd8f9dcaeb5a1c3217a583ebc 0.03
0xc6b9F202b8F850DF58AFdA6fc4D1e13A47851698 0.08
0x092F94B8Fc4A6F071972dd2bfdcae9D51D23eaaB 0.08
0x73544023d63447e80cc8BeE849497CE75467341e 0.02
0xa1171dEA8897c89af612Ab30DF5D74999De38093 0.03
0x1e51021c3493D0b530CAA03C4D429ef30B13DbDa 0.03
0xFbc2b8A643d7678536800C2F37BbEBbFa1ea6f6e 0.03
0x2b0398ce5666043c869269b3959fbb6324dc2d3c 0.05
0x3323Bc1F6C711a14C8A9b80654E2888F6804cFB8 0.03
0x6aBEecd3EE8e54dFB9f3c178b73102087E97A99C 0.04
0x3fDF21fdB7C14EdA22E2Fb9036a54EF4F20a8868 0.05
0x8e1867208A5a4eE8A86118aF943F55b4BDC11a52 0.02
0xb5bb41b024836c7e0d03103eece48966e908c20c 0.05
0x1014eD4e2451f2661032F09eAA7877724106Fd18 0.03
0x56d8cf1f1c10a0f083889f6f4483c7d7a90c45aa 0.01
0xa3a14ddcabefd3b1d2e7966458140801d8b3396d 0.05
0x59D6BEE31a217AF7A060B8F6Fcc9f2D60Cc5cdD5 0.05
0x605F98EbcCCF1A39b889Bb688c21AC3d5eFc7868 0.08
0xdca1f71f57808d5864ab1048df90825ee64f2f02 0.05
0x304b73AC5EA6f8CA2E1d6d5f297ee87ea55c0795 0.01
0x73596bb3edaf4be5f2bc9620323ccdba0d463f63 0.06
0x280ca2359012d24eaf00ca860104f4e300f2ea6d 0.08
0xa9F9CdE05ef9B404b0751A6c2F69E9d65A9cd116 0.07
0x2453E8f55672127a95370cCe77A13143CfEba243 0.08
0x74360fA4E7f738f1785B843dFDD97B98F74d3f8B 0.06
0xA7bF8691C86b3D7C1cD4B4511E78a7eA82Df86f1 0.04
0xA9950d9909C6d971e69E7d2dDAB0b98B0fD3596A 0.06
0xfE97042F0D969372f5B6B9e350c061250917ad92 0.06
0x263A78564A2746c348f5eF5F6549A03E71c0dD15 0.07
0x71ea01508cb8f2dd8a6Ac0316c6FB3bc45e9bdfA 0.05
0x1c43DeFfdEA83Ad961485A67967cE01df1a84DE6 0.02
0x9B1A7D455e8Dd7aDEE5C32728Cf6AAdaF5f1D4DB 0.07
0xcb1dc33a3d66aaa50df94cbd49683443925cbc39 0.07
0x659000065e2EF250B14CFD3b3410FE21E0f1227B 0.02
0x793d9641453bb7082f8d5F3e2f191caF89C5f9f8 0.07
0x1Ac05ED2B088c7EabA67a5E14FF9b670C5ed477e 0.03
0x501638dd29c816068e8549f353f00a43fb51e469 0.09
0x146fdfCf5C54AC8E641b507242fa1863d47Bd485 0.08
0x9AEfd5ca98494186542cDfCEaD6b1c4fDe88E51F 0.07
0x2Da0586173A99288610f5a05f93B9686a83dCF4A 0.05
0x4c5c7d7db6397b790431c0695dcc739b5bba1420 0.09
0xd3b49395022621c4555558ea2CD8517aE18C439A 0.01
0x42fBD2789f174071Cb7cd016CfCd0aEa9aaBe919 0.04
0x50202ee3de3100961f8ee61649bd3fe4a2218a6a 0.09
0xe3827b17319a40058750D2A4676D110f1Cf44Cd0 0.07
0x3c48FC544304e834Fe10B4226e22ABDC2195bFb6 0.03
0x6fbf2599bd699e430c5179b3438063aedb3a4219 0.02
0xe3363afcc534b2a9d0623a5e97c77d8bfa085a18 0.02
0xedf9963281c6781934a775d9fdfb59f586258c2d 0.05
0x33312b8DBbC5A3CB34285Bcdbd473c886Cee1cA9 0.07
0x94A21f8544cE6dbb11b3Bc99A4B6e39846BE9c53 0.04
0x74B48152e9892768CceB82874fa63e19279F3A7D 0.04
0x6750FC39487306c3d8B32BeCB697689FD95c4C64 0.01
0x858E149F473374a52495B2c57269541bD26e2617 0.08
0xfd08CB6e9870FBB03510F7F68DD5FebAd544123f 0.08
0xd651f1e0c246fd380776154f287580c4150618a6 0.04
0x0aaC59C67101218a7F3d77BB4D022641b2A54485 0.08
0x6705b7fE0F3D1c16560664b9642bBaD8CBFBE21B 0.07
0x4c65AC54f91dA9E5D8BA7948e0fE86eb422392CF 0.05
0x1353F2f477a6Fabb1F3DEe8e8C89d0443406b86A 0.08
0xaf0F2c27b2257972cdf6b0A77d31605108FE68e1 0.06
0xe21d758aa662d13Df765BD1D02ecE7d4CB7d63dD 0.02
0xB0FfeE5c428df9630B4c77d965C8126fb99f8Ed3 0.08
0x526d749f5beF7eB4954108FA1C36F37702505e3c 0.02
0xDD38CB0d4ff6c2d45b7510Bf013c5436d159f5e7 0.03
0x8c786e1b77404d69dfdfba5a1c3f94432cceeac2 0.02
0xba40dDd60CE8FA888E404d584a9458c8ff3f51Ce 0.06
0x9ad5C1F40049d414160f46231c4737D010eadE4C 0.09
0x8FcC69a8c435521353FeBDda47797a456E208bd6 0.08
0x2402c64f3de1aefab73718b22573c1af792eb731 0.02
0xBbeb2b5D2bc9Ba8839FAd4f8Ea686E4F8cDbD4F1 0.07
0xF62C55bFD98910Bf7d2b9ee8d454Ca4bef68ED8b 0.01
0x9a40Fc3E4Df1540dDE3850A3cB20c878C6dF589c 0.05
0xa756d2Be558456676bbd514FFAe529BF93938135 0.08
0x8843E7d23c3273584e56eA888D98282D44Def114 0.06
0xA94487FaBD7850d4154E1229Aad0D87b233dF9Df 0.02
0x702a9813bE17375de8A1e86c29B892b8DE7d2d2a 0.09
0x0da646Ed5b64eB8b00EeA688b4f5306E283f86f3 0.03
0x48944c233252d8a7b8e528e74724dc5ee5559542 0.06
0xbc66d96a1cb584c96d6ecb28e09c3f28090f08ad 0.05
0x5159f75F0E2500D8F66C33Dfe7b1488F59185b0E 0.01
0x171DDe3FB055331fD0b7b51c3Ec2d7FbAB660149 0.06
0x6dc8f35c3d36b26786f03e0677f121eae5f36975 0.03
0xE916EEaaCEe12Df7c6a56C2996170dB8f44ED757 0.03
0xE7D75E44C2F1FF60732Aa68a6102063b87C33972 0.01
0xaAD0EF92BD3A1Db41414765974230c1Bf1c46042 0.08
0x1D9501E3819829986a8144CA5Ea7f7f45eD01896 0.06
0xF4778b423484101274F72dA2146455eE58b0b8A0 0.09
0x3726678E4E8b02417d219F33253f5cDbEd3bf30b 0.09
0x1824Ae1DCb0B55eb433b9AC3Eee2CB658b19C66D 0.09
0xd5c8C6a101B661682CC5a1E4F4E7ca3E0a79BC8C 0.06
0xE88f0B4C6912751d301929371Cd487CbD33Bd733 0.08
0x2eD83338E5ABFF3c8f058f5378bc976587dEEF8F 0.08
0xDB787C6588782Bb31360e34CdD99cD35AC82ecA6 0.03
0x7de2dfcf08b68a0c5260fb8d3e38bd9b691407ed 0.09
0xdb758B475eAa9bE5E942b27D7B44cFf2C51C27bE 0.01
0x19d2709eE422f3D2859C870968b2b2ceDf67a80D 0.07
0x610d3409f5B3C45709d80Fa447680f4a6e4E1554 0.08
0x2f67c182aD14478dA116E8d839F6705FbD96D75F 0.02
0x98cc0cd3049cbd0877df858cd3310481af8ea2e0 0.08
0x0b6ad73Df69a1D670BF89C4228377a6BC89c5bE5 0.08
0x983CE05E0dcd78994c76229841068eF55bf85313 0.07
0x5a146a7183c72cf180927f1f4397ae924428acdb 0.06
0xd90ad9D0c77adc231944002814ffC0f04ce74a25 0.06
0x25163d422098ec98c65008c0bb190d4cbcf4b7b1 0.08
0x43715a19A8b912bC233CE32e97149A1003fB4D2d 0.07
0x20384a337dfd396ba51ac12d2e3f7a1049df7f28 0.06
0x083c12f2B7eC653197936df8D3741573beEBbC07 0.03
0x526DEA33E1889DcA22591a680f6AE407dAFe88E0 0.02
0x10B50384314a795fe4E5C0b585300a652f74aF84 0.01
0x6dac3a14859d3b8b4f4f91b7e413b4444435c95a 0.05
0x28f48d6b98cbe2348348676ccad2898a1ec9d93d 0.04
0x493764e662e5ecDe0F04F2B76798480Ea5bD9AF5 0.02
0xc172ca44903843487f34b37ac3e4f33de133a1d6 0.01
0xfd3b9a934c281a18d829873d195821bef68996b4 0.04
0xbe72f6e51c9cde4947296ad57c5c5c0a3e440b9b 0.07
0xB2Ca748b0769856DD9412E18Ad1fA195f8f23CC1 0.01
0x2461addb5C264aBD63C8747cAD920591F3469528 0.06
0xfd846862e0f620C7292Fe6658492fAC6c4647ca0 0.02
0x5a4737f1fc7231852f3ca63820bbdb56df939ef0 0.06
0x2d310ed33abb9775c27d7e152e64ca2a07466932 0.01
0xDa3Fac91d17EEd112b9bf4F869f11C876AE33D69 0.07
0xb70AbCdd3E4cF6d37C6a3067F99490C6A5462CCc 0.05
0x3d9B7C535d10A93BcC54D060386Aaf7D12CA6e92 0.03
0x777323b10ad38F2D9d4165fd6907D6715F6740D8 0.04
0x9133eEbE2049B06B602B4559Fa3a610744bC9612 0.01
0x127Db15774985cEb95884646a76DC42fa3acde24 0.09
0x4583FeE358F09d3980aefb5Ff86d2a95dE0CEe03 0.07
0x61edd01eb1d3b5b6623846f8725a23982c183aff 0.09
0x2d25A7AbEF734e69ECD0d6536405231051f0AcA6 0.07
0x5cb2731017c06f5b0c8a825c57490d38e5e0980d 0.01
0x7874a8B084c580C618783C2B4905F3d354098706 0.09
0x55b19cce3a8fe616b0e8989033f88ed4e0668057 0.09
0x8B9F7ace01a78e00a685dF96d69EeF78D3422269 0.04
0x7F5E776c65D6eA5F4b26b02bAC954F0db8f25967 0.08
0xC45DC15e7f4d9f2Ca688242a6Ec981710fA7fdbD 0.07
0xe134b2737ce53b6E92D2Fdf0b8a51350982937AC 0.06
0xCE3E7f51c21cB3a99858c7b75C73161Ce411E5c7 0.08
0x5Be4A5188660F2932BbC2385C98799DE04f89a53 0.06
0xA68283F3152D2601293020652F2D40E915676DBC 0.02
0x17996EDc6b43a176eb3468EB557EC0Af8B18D3ea 0.05
0x8CF15B1168Ac064456BFA8b2D9Ee215614fCEd50 0.08
0xC9BB3483b5E2Ba285b2bbb1336e9cbf99502759f 0.07
0x6BC849Ca1DB0487BCA4C62706cc55Ba6a1715ff0 0.05
0x17e40d79960dd2c56ed123aa4be5b7df6e623b46 0.03
0x8b1054eb46b595be34e0d6604d79cc2f6dc40943 0.02
0xBB211ca456E0975456B1972f10cD15bCb45E53de 0.07
0x43b1be6b2fca535cdd69f3622287b21f5c553388 0.07
0xeBbC3175BaFB34D9Ce6919b4ac2CE9376668e6Cb 0.02
0xBc670b84072fB6ca8b559453616D2DA1cc7dFC7c 0.02
0xeb3d50af70a042c2d18c91bd45d07cbd64ff4c1a 0.06
0xD91e6486B8C4619C15308691396e7502126674d1 0.02
0xf4835Cec991d291c3351b5F5E1CDd06661de36d9 0.04
0x2b89042318a49df667f31c30a1b0ced6a66fa045 0.05
0x49e2764D6e19E3704bfc9b1F999e212a29AA2709 0.08
0xc20cEB1dF6f49239E911E8BAC5AdF4eDDbEabb21 0.07
0x9A6b606Ae3070A6C48488C549aad42556C4b5c34 0.02
0x7f07F3cd2d4175eDAd32a1ea289Df3095F1Ba926 0.05
0x0A46c9743F7f8361b111ff6f65e2c906eF68ACF3 0.06
0x9f8ecb614d46afad91154dcd57311a2934a9a4d1 0.04
0x9D23dbB90bDE8C542554bd3Fd9381486F325afc6 0.05
0x9f75316ef7367b4A96B5BD475AA47b07722A3B4a 0.02
0x31d386220FBc0f37cE30DD00fCf2ec0571fEaf43 0.06
0x26D1024A041Bd285DE4e8E2163091Ab84fB08899 0.09
0x65ee5ea1dc6762a96b87aaf0e0215fcfd5806126 0.08
0xDD13e251E1D9F7fC83923ce3CDd5a40ffcd19274 0.01
0x98FA1c3B0da1EFAcf3bdcc42486642F5bC03A7E2 0.03
0xb9944Ef14Ef28f07456529E6a26d5154bC9e122A 0.08
0x74f2bd91cbc2f2741f93653235224174e0d7a59b 0.02
0x3A164648A0BFBEE57Ad53D590458Ad4c80b77f84 0.06
0x35fe6ae76f2d29d668d7755c200fc32600cb0e25 0.02
0x8E12BE3beB3dBAc70f34DBdE109322AC51AF99E2 0.04
0xdb5464252b7247344962408D8734301F1471f098 0.08
0x537fe9767C3579803752D0e42AE849db3f3E4fFe 0.05
0x417c80604b1f166c833b8249ce01b92481db4da2 0.03
0x2F86B068A1D2cbbb8147AeaBeC82423551251Aa0 0.04
0x3DEEC93433dC53B656437eC89d50984dff2c0099 0.06
0x9B12a4A8c931e4d05206a756B1b83f70e9fa5488 0.02
0x43c43a83a1e4d31286b500a7a32d28620bdfc151 0.08
0x767f87062Fb5CEE0570E76Fb034373bd40290A78 0.02
0x2a6b0a64062e3fc26ce84A20d6C0257cc82a49a7 0.09
0x5cfce36e0a7049a9a516b9c4bbced982cded953b 0.05
0xB393FD52A7E688E40462d87B9C6b61E8FdEE458d 0.07
0x2a58d31302355317a84A0050EB7f0773b64DE24A 0.05
0xBAf0a8408BD1234ee24E3bc7B4221300D92CbbB2 0.07
0xa7b7145aff7f5868fbd4db3319efd7a534b6ecbc 0.01
0xfea980dd362c3ff2a3abe2caad401b6f896c58ba 0.09
0x8375cD1E9768c2dD3BC5a5f4943A81F8298B2a42 0.07
0x040FCE1a2126EaB84C49BFb2E64Ae6692b007053 0.03
0xfc9be572b0c5f2cad185a97f3e72fddb99375319 0.02
0xa40b53b82576f6db052f39aa410b262f1d3ca514 0.01
0x8eA5B4989B39a77E0fb0aC93BAa0655BE2374db0 0.05
0x488F4Ec23127f5e71e8D973a7978C9A195399426 0.05
0x4f64b485ed330c9ae908218c5ad81d91528575de 0.09
0xc850c7ab7e8bbca7d3f4aa49fbf2cc05961aac59 0.08
0x404862974aDA9B5C9856E0f06D79379a0079E2B4 0.03
0x1a01a4018de583467837b802dc71b19f7bf09a92 0.04
0x1dD8334511fc195AB3a7C7A4bF07B5ca9040599F 0.06
0xB6229B0D939Fe6742Fa869739c6c4BeEAe424787 0.01
0x637664b76Fa9a733f5AF3F6D85aFD98399aea814 0.08
0xf39e4b7705129a8cc3e889040b1867c71ce22fa7 0.01
0x923f4cDe06BB494AA1EA70a5d569D312E23379Cc 0.07
0x2bd6c62e4a491a08a13b9faec89e210ce2c0b762 0.03
0x776B8D84115f2603a4178928Cd0813a75c076E30 0.06
0x5Ea9186a1591Cf026153a5549df4814Cff928Fb4 0.08
0xd3CCf31820301F0955ca2d7c190F2b3AadB639D0 0.04
0xaF8159583EC966D2De22793ABdb4D2865A92186b 0.02
0x9B874bB8dC1FfE87D8579b72F85308e93405bA3b 0.08
0x9D93e036dcF44DBa116179c1956a89E8dcA1E0B6 0.07
0x11032cdD3f8C6dc2616813E7AF79D794B7fBa5e0 0.07
0xddefb02996B80336A1f99489A143BAa57cA43508 0.09
0x5612331Fa79acefe0B1656c1D56844EBDe701a17 0.01
0x3A2D99626d70dDb3759dB2D55a0Fb441a6A4E760 0.08
0x986c139d3f5366dac15c5c194e9cfb2049b9ee93 0.09
0x6dAB8e1feF79D299921A9099278519Edd22Bc9aA 0.04
0xa2a45c83e43d33A9482756F3607DC69F6487C390 0.05
0x820C324650F4E6A7Ca357A336ac054AeB558B45f 0.02
0xc7B6eB591881253e28Bc44e1365f47Ad7372969D 0.09
0xde777b8079dfcf9fdf9da99809ae389b3f21b0f8 0.04
0x6Fe369aCCf2a56e5A5f7A39c32C5108939d211B5 0.01
0x4387eCd47B72DD5cd23035e35390173306058f04 0.07
0xa18351B9720DC19538F687A076c172E136592E69 0.03
0x530659b559f101429c6e6ec53f36d0276f4c96af 0.06
0xA3B873b48B782841b069c244547839e1EbF26e03 0.04
0x023d3c486E70389Df28221e5c83e31e832cc4179 0.03
0xf8A4E8C1FDe09d54A30881b5053Db95b46fE8A86 0.09
0x68a879d52587e841C22d1e807F1a1Ba6b0E76dCf 0.07
0x5773666be2ebf41ea4aab1673fd8f33f64eb5a7f 0.05
0x68812b266897ec7b7bF826454eF88d400eCEC67E 0.07
0x20236bb6e386d45de690c0c2da3cbd037ce24a5a 0.09
0x4cd42d59f554ee6d1b19f8ac8cd2451558b286df 0.01
0x199fD1BA41c77C7f4D9e620805A12571253F08AC 0.05
0xe038c3702aa1AB9Ab42879c2cfA04db2a33A45fA 0.07
0xc97597751018ce0A4d200Ee4a81C05a08403f13D 0.07
0xdFcB0D9fe6F94c8bdD00222B96196a036237739F 0.07
0x64dd192ca151cC8640a1006139986fA91E0B9aFa 0.04
0x8461CDe8CAEA8AB4417404A3eb4420f4D0395c9f 0.03
0x3cb222ce7e33396354ff2aa560647cf27412c850 0.06
0xc572046BE7E70C5537c259C32984F0C5a087D794 0.09
0xB40dc323828173CC7c050ED168051bA408e5cCb8 0.09
0xA66a0e48D633e566f94fD6D6D8AD3347aD7af665 0.09
0x6b11b7bc84c6090d7e24e9cd6d071479ff053d8e 0.06
0xbae599Bb833243f25050a83901FCC92862E2f606 0.07
0xCE86a4b010A257c380d8feA4a8087e42CD7B36a3 0.03
0xba3E6Fb5047fB82453E953A30Fe65fc7Ae0264c9 0.05
0x2698dcffB55d64BFA46522Ff441518970eDFd1fb 0.02
0x317a8afcce9318ba69af39b77f8a23f504f409b7 0.02
0x86e3Df18a65f06f2CC1e98809FAa0e01C76B9fA3 0.04
0x07c1ee8e8D425f7aBa0e2bFeA5335D381A8301C2 0.09
0x42A22772deC0cAe3B30658fB880f9Cd07397c637 0.09
0x2A4Cb63f67833e30F607DCaF843F2f9E2Cf19263 0.09
0x2b1ed2b54bec90ddf9ce59f03a2a248be4cc2af0 0.07
0x33df8dc35bccd3b262b811b2c9f18b66232c41f3 0.09
0x53A62377D8A1Fff254A1172791AD11b978EB29cE 0.01
0x39E5BFa02ad3Be5A3D322871e3bB363eA0e5820A 0.06
0xE36B4c8d55f306614dAf22b387026B61c40CEC37 0.07
0x8dec444044ea00d99caf8400eb4f61f12cc78caa 0.03
0x8af22bc6cdb8fafb346257b38c616e63750e404d 0.02
0xf21B5a7d584dB240019b0dFDc8dDAD36c8D4351c 0.05
0xEdcCee5Be2BfAe8e7B5364A2a22Dc141A1d86c91 0.07
0xbc2448071757746b71bed4f5c05cfbb31a4aa1b3 0.01
0xeEB296A2E2Fca1f0FA6907b894EDFC4C888AcEC0 0.08
0x61D3dF09BA9eBB97713572339fDC0835c8BEe086 0.05
0xDA72eC20743702734b003939aa629eF92F1f4A6c 0.01
0xb13BA65900497120842E31147eb63eD31ff4C048 0.05
0xd89D9771c0a28c8CD8cff61906eEA886c9E3029b 0.02
0xca4eb02034122A11f83442D89911a35F767Bf91B 0.09
0x5949106af5a50Fb9AED354c45aD819abB12bc952 0.05
0xaa379aCcB7216868e8CEec5Ef4f94762E4B9bed9 0.03
0x725C6abCffff27b2a621Edcc91C9cC7f6fbEEb1C 0.04
0x310e7a8bad5508a63f8988eb77bc31d0208976d3 0.02
0x786110e159E8F75e471858558620Fa79C0973AE4 0.04
0x8ef316f2d61ff7750b9ea1129ad5a688d2a8f62b 0.06
0x15fF703636162bb07f7F9e9bB2FB27A8A3FD6BA6 0.09
0xf3fa99922f9cd427d02d36a7f7b4f736c103e911 0.08
0x498559593Fe9d88819eDC72662411A665eD2a061 0.01
0x684aC57D8bC4489fe2B1151439EE9965FA281f2A 0.01
0x5f12895b2C4B2aF27a0b0428e83BE73f8240D733 0.01
0xef6f421a29809224d92561eac3678baabbf2817b 0.07
0x9f44e1Ae3b3fFF9d007E96880A18ab7a5D8b20E9 0.04
0x44A15dABE9e2D2d05bc04B8Fa251Fd9603691486 0.01
0xa1A83Ea58EF2A4207bd5cEdEb5bFC762568Cfa80 0.07
0x5a645804a572dea976ddec37ae64f4f492e02b56 0.02
0xf7d7b9cf2d0429d32da4d2b8ab01ed138163aef4 0.06
0xF06B73A697eDBAF437a5BBDc4CcCAf0551CBAce9 0.07
0xdf3a9b076011623aeef726623e2b6197a8d6fce9 0.05
0x903cA5dA1FEE39e4A071ad73D604f5375aBa3F9F 0.07
0x30C4013817b941EDcC87626197a707576aeCe2D8 0.09
0xa65cA562FE9Ee1467d68e2A7e8641C0e069B909d 0.04
0xF8e4F6d92eBAEC72e48Fc365b77A251e31e755c2 0.03
0x95fBeE0885dcc32618E852A0E0733610E5049738 0.03
0xADBC18271B9A0A4fa09A7704E1de1db9BD587530 0.06
0x56dB62EE2BF889A911Bfb50757B9f6ed588D7337 0.08
0x21c920054a005c6fcff33548d6a0e8492721d8bf 0.02
0x203D4Ff1E43E32A69dbb420440e8e37fB24b0414 0.02
0xaf451e0742dDE26B5db68D33922c6159aee954FD 0.02
0xA4f5abae30070b00b846AAE0Cb9e1e6F53651326 0.07
0x72d5c9128ec7efb04c9df8eecb7f5a4d08e146a5 0.08
0x19a489ac360fd72126e341f28d69e7d518bf758e 0.03
0x93D6b94A7E5b70Dd6630355705129eD8F1014eef 0.06
0x642660cc91dd12aca67ab09e5fd8ae75b33a5043 0.08
0x79A8c86b89C8e91322074E7935830964a202f9c1 0.03
0x987b00300b2de7090ae9c719675f4ba6b9a1955b 0.07
0x55677FF15893e86BdCff59f26448266DC0723Cfb 0.02
0x4891D7b820e2004725462b137c4957E5139eA04C 0.05
0x6eadb10cf5e851d7b7c64d123fe346e0af644818 0.07
0xa531e6f8d8b160b8cd498e0b000b5f97f635a42c 0.07
0x4C8d670dbb927bDeF325B4Ee7235a3A22E424CA3 0.02
0xb02DeEdE0c46cAEd38D6e62De2C28e72e75be6ea 0.04
0x59cdc1a103625ce7e2e8d35336dfcfb4c3cf7e2b 0.01
0xc55f872a9f3ebc35191220ae67918b0deab76ba2 0.06
0x79ad861F7399db384efF68a345F9d5c700120F5E 0.06
0x7b0f51e3786Aa71eC400A85D851889AbFeF593e6 0.09
0x000f1bae4b3754b0ba07eca0c4583db89dae0f96 0.08
0x7a280499FF3eEa34D0E7bC3FcEF7f671E1B483c0 0.08
0xA04e7a0ade1dF3f932E83c2dD91fda1e801D4D8e 0.07
0x09164f2D4a83d8Dd8EE3064a22640970fFBcaFcc 0.04
0xe5a8edbe3b24c0ade75223fda462b661a66e72e9 0.01
0x00D24395d0F40f85310554e63f66D7cc3892c447 0.01
0x052cC1B3e9d04c4851e2F4dF1c27736941D4Ae8F 0.07
0xc5Bd290840C4b0768e99e5E5Acf3BB00E0087820 0.07
0xeaf309838de436423cda9a6101a59c2e349c6948 0.01
0x12331d28Bd96BDd90Aa3f02C8815ff1787E0352f 0.02
0x9b26e6B04EC7A06160E46A8b2D7dd0b4A5698175 0.05
0xb488dda22c623169bdce68a8eb3e97d76274930d 0.07
0xFF6228ce4b27A71E3EDa5c96AE4c824C09367EA5 0.07
0x104cCeB1b4867281b5f37A50A979C7378050a312 0.03
0xe9e171cf3a04def5246c0bd3cac22e8d557dfd93 0.08
0xD86BaD70373083e842faa85Bc0ed9812fEDc8875 0.09
0x720AEb7b6Bda5a68c27C98A2585Ca1624D45f034 0.09
0x77b5E0363A87Ef8Db0C7649fA2E6929c4A9f4B95 0.05
0x22e6e20b778fa5d6537cceef4a963fa16edb25fa 0.03
0xE61e353F24D7E4Ba9748E91f6c9Ef4BAa7F70cd9 0.08
0xA86bfC90774b277C5D1E3273Bb3D43C666227f9F 0.06
0x2De466Cd9D34E03A14b7435608dEbbAd74f7eBb4 0.09
0x4C150C3f2f237d746fa40D19d45F2f0186F1B4F0 0.07
0xfc39d762e27173e1908d00654fe276c13ac525d0 0.08
0x475CB8a12b3711C85196DbD0b0bdc2591376a4B3 0.09
0x55d0f14f12B4dFe111d229e32DdFb1437E48E76A 0.06
0xdee18ae76ccc2e33cafdc0369eb3f206a3084724 0.05
0x69f8e87518129498da751f26ea2309db05e7270b 0.02
0x1308ba8fD6E5528558662297D4557C4129ecfF82 0.05
0x572a3eb2b3929078283f253c7bef894c721d32e1 0.08
0x83C2892E6233CDC6F0Ac19ae1E9246c86F864E17 0.06
0x0Deb1D165b15Dc3c733318a02DA83CE7b0eC8460 0.06
0x870acb66078e3775df57761ed6034e741c102746 0.04
0xdf5c9f4874a06aff2cc00b928521ff11c4d2aa60 0.03
0x6Fae0C6748A79d3b8C7C16dcB2dc7Fa92A440D31 0.07
0x71E8291f25382baC63E0Ab64e9bd1B71F91fE91D 0.05
0x2abc135c67fe983f3f87ddb1271dfd51a44c16d0 0.09
0xeaEC9AD43A3f4599da13c98F69b88678E6aD3977 0.08
0xE4315d03F77E2E51Bf21f44c72AFADF6A9d832Aa 0.01
0x83b6753890b26c1cc74b33cf36a04d30c13cd708 0.01
0x165ffb8a553da8c9563921850ec2788ea6d9881c 0.02
0x82e7d3f45724336fbb0a7a43e7fa42783ff6f175 0.06
0x1ac33bd10014EF5B558B66c4a6e5f33b76357606 0.09
0xfa3f1a247Ec367B4eB47fcd4265f6c78bD8612a3 0.06
0x22c6887778FB3c8a5D7693f0Bc781fEf7f442251 0.08
0xadc246AA04328b9dc6fD274393EE73d83DcE86D6 0.07
0xf1f0d6f6d2d21eda4856b1501a80f69d08da4497 0.05
0xf7e362d801400f34de062836a350a892a091eacb 0.02
0x6cd148fBbD1DE89440ba685c60997e6eC6889A92 0.08
0x08B9069edD461450D50C0bB2B41D968cD5bda903 0.03
0x4c3a9ddc4bd5e6c18b31f0adeb8c7ca335f91283 0.03
0xFBC42092Bcb96eF25d3fCcCbef30244103CD06c6 0.06
0x13DdB9260BfB8470166D0D1bb0d74c9e6d1E36ED 0.08
0x110c29875bb02d976e68a4a6dc65e99463e5751b 0.04
0xc33bcB0e33a4f5a98e8745F0c56365322344B93B 0.05
0xb8b7cffac78fd3e625fc2e4bd1e17f0eb142b18d 0.08
0x964ca00cb2dc70cf0ccb74184d050aa30b304e94 0.03
0x01EF7637329D56bce477cda21D1C6bcC229Ed4ca 0.07
0xe3655697930d2637A2C42e9e24B8cd99a4F96369 0.02
0x186ebf76f5229a2eaaa8d111feb6d5c4a24fc257 0.03
0x07d42B55702EAc4a7d8626ad4943533dC2D86C8f 0.01
0x42e7c8fb337fc2B2037C3f133BAfA82B0Ef2025C 0.09
0x5963A05d77C54A7d9Cc084C845b76e1C1E0f9075 0.05
0x5df5a88f37c6dD695Bfa3Ba291901702C4dAAB20 0.04
0xBA6b598a800c56841aA349706980ca7b69C62fD4 0.08
0x1AfED1D662659Ccf5F60dD8b7758e26Eff9b7441 0.06
0x812beD3113Cbfe365913f8D0B446859e98CCf997 0.04
0x70fE7CE56e8fA9AFdE21743f13FA4f411e36e497 0.08
0x02a49fcf23a8403916e7647186628803931e08bd 0.07
0x7B4a0f72Db1E44bBe3410d056B57caDDde3E54C3 0.08
0x660efB8D64fFfEd7be81D2C556633852BcCD6485 0.01
0xaec0af6fe4aa0c745e4153c6d0159a54fe4dcc99 0.02
0xD32192fb9b437444A34213c2052a468e1771dCCB 0.04
0x17263B8a625e56Bbb178623e8dAaE2dB590b1925 0.02
0x0C04F66411B664f11A4d360B05C977D8C1cA36AB 0.07
0xa0e0d59c5f340ce692fb6cc50e7e176a69f49b5b 0.03
0x7a1A75569A2B3B2A5FeE1b784009D4669367e9a1 0.04
0x4CcC091A94cB8D7FCfba9FeADF3Ae9F7c071bE42 0.04
0x1B52AF2901fF8C1e92B2Aa3f83257Abd9a3C7e79 0.07
0xe1f4fbCbAd3B6a91D696A482B7E38A188268a66f 0.04
0xb3bb29e600e46117b5aceb0a3d506a9f3aa72602 0.05
0x4E81f98d95424F4268BED0103BB5E4ceee9C964c 0.08
0xCCB65D604612fd38bb5654D6A0C2FFBC2C50DC89 0.02
0x79bce8ccf688ad04a4c4a33a7165412d998c4357 0.06
0x9d5D75Fa97D8Beae47Cf371e2b210f1A3705c98E 0.05
0x4FA3f3EB49871dcC1dC241eA4c832527B97D9B9B 0.03
0x6b2de7607462452cebb13a3b1c8ff91c32b161bf 0.04
0xc888C4eD7340a4E9a623Ca6fc798C695bdc7d5f7 0.03
0x7a17eec4639d8cfeb555a5d0051a7c126f54e860 0.07
0xA92249739951B56B4a126951C2dfF8bCA4ef11d2 0.01
0x92213CdB9bF9a8AC487Ff28fEE25094c73ffD825 0.02
0x3dDA0F7e52408C98B52137063cd55c00e4701E64 0.01
0xb0bAE1513CF95452C90D3d4e4A51d4b7e151a539 0.08
0x7df1a44bd8d3da6402476a0b61e3f52e982387ae 0.06
0x72e3bfac65ddfb7d75e96129e77cc8f9b235f972 0.03
0x6fDE03E10879848d91F08781a66067BCE67E4c70 0.01
0x1c36D6D7E87f81bBbA479271655Db211f2125426 0.06
0x59246286Dd489130CAF39C5De95de3199C2817c9 0.08
0x5e898E1d6c12Bd83E6e415DC8BD40bBC15a20B79 0.07
0x8BfcAdAd666F5CAAf0723ac8c3A5066b015A6063 0.01
0xD838A8226bBf59ACFc20223Bd170118271638792 0.07
0xb4b9aa764350cF06050935A9C9594cE54dF31462 0.01
0x6e44CE1428AceCCF3D1073675bE4707DE75047F2 0.03
0x2603b0E38AA6F37949037982B5aff5b765D2932E 0.09
0xf36597F74c6ABcC9a0d2ea3e9035055a1c758b22 0.05
0xd4439D8F5F6Ab668bee8c64c8F314C4eE06eea5a 0.06
0x85bed14DFCcA54079D6a4B193dbee3e65eF1faD3 0.05
0x7367B13ce635bEFd166C075CdFd1cbEEa2db1347 0.03
0x5552f65fa0b30e84128b75fa8431a2e42ea9ec41 0.05
0xED22468D05A88E5Cb5457C457763F2Bd872FD6E0 0.08
0x4fa354c1b96b1e493e3dd3ef7c44eb1e352fcb81 0.01
0x941bc84d75a607c477eb2f4413e008a9ec9d1c85 0.06
0xD19F057469C97069fABCa1d7845859Ed20DC2f67 0.09
0x5ac1fae2e752175c1fde66851996c44cdf065b58 0.06
0x1acc73bc3464115bd19bce46da4a755180ec29f1 0.06
0xfFF8F7581777E1F573DAb0d9Bad402AEf0892e35 0.04
0xA4d487a8964B04f723E3476E784645F16EDc8c15 0.07
0x0795f55593334f1fc80e181f78e7bb3a369800e7 0.08
0xe01f9eC6552446680E1908A2FaEF31C52B5b60c4 0.07
0x8eA4D08eA7972Dc4eeae3dc29dad8e8aeC6753db 0.08
0xD925e8cE5d969eDCEfA09A91AA850003F64D37Ca 0.01
0x4a16160847bb4e964a1400a90de008f1f58fb5ff 0.04
0xF8713488a4aF3585163Adf83138E7b917839f0D1 0.05
0x4c2921FC9D822f7cb0Fa3ce2721E7CB3Cbe37b7e 0.06
0x24912b9ec48af413d081107b6ade048f2b58a17e 0.02
0xc991d9c6d0f0016e6dee1134f6b8f8e29d2935d4 0.08
0xf9b2448ef88a1bd408269ae31e8d739bc454d8a1 0.06
0x5DdfA804e9f8c432780113183aF6C82b6d6Ccd23 0.05
0x04532681226d0D8Cd1C411424d8BAE79F38146e6 0.09
0x817626abeec04b1ae03d205219dcad99413b4c16 0.08
0xede9f5ee58de19fce8ba7fee4638bd67f6a0bd3d 0.05
0xaae937F96fC00568ec6C8E723bc050F0EdE6c919 0.07
0x0350d10Cd98fb22D3da1D1495B15b40E5f0309D6 0.04
0x14b773f0f2634c4EdC735431f821855b77981544 0.06
0x4b5c5d27f32990abb10484209589ec73fc367e76 0.08
0x210e11A6E82B15852d35a55b76F8478C9Fd7b2cD 0.05
0x6874D6D819094EE635b2Bef9e1F29C832Bb7fc6F 0.01
0xc8ecadc409af1a60876114c1ba21f056a876154f 0.03
0xB96eB1E38FcA94ef891c905614A57fFE321A642D 0.07
0xe4E01E5F6a9c306Ad7EbCa53BEb943CF6B181045 0.04
0x20172Ad9696A39A878E43406C41C75d1d2054E6c 0.02
0x365aba688b1a3e20435f9c6940abd65bb448a30d 0.05
0x7656B0950d59124b1a290fF7D0c9F6a5c0878a3a 0.02
0x0ED5A644923D4ca779EccF3f0Bf451c43Ee6C4BE 0.07
0xdf1e3e5a760b99e277bcfb0f2f8b507c0b04b8b0 0.04
0xfdabCc68Ff6eC005ef865b7A273a7c6f29521dD3 0.04
0xf8d5a1fa9a6ceb2cc6ca014ef1f6bd31ac49cbd7 0.02
0x79eadDE02De6fB7e368763C364bE5Dbdb3569151 0.06
0x0a2a5c3EF439389e056EEEF1412B820e543feCA7 0.07
0x73ee4a2513b0c0d633d9c96b1bc727dabc249b9b 0.06
0x68c7e21D0FE61707e26588Db4Fd62E17a9192737 0.07
0xfd50BAcBfd4f5FC794E2ECd1584aa905C05688c8 0.03
0x9c0d102b1B00eCC3385e9854176660F593F05827 0.01
0xeBAEFa30b9DF2E3F76aFfE48BD709d3a258FEEde 0.09
0x77ecb4b26c0fb25accaab5b9ab6729024b86899b 0.07
0x829b41AFa6414f7c15f470eDffE80B919a07ba54 0.09
0xe5543E93e94EE88cc101679eACBB294d18358679 0.03
0x272cf908A25FfCd155a9E9fDa2e220e56587D29F 0.05
0x3a8A8438C3161FD22618e2267D22ed816D5097e4 0.04
0x7FCC8370CDbd0aDC23E7Dd5b4b7d07645d5A0910 0.04
0x3ccf52eb254130f9ae23b43116638335d51d8544 0.06
0x60BD30830C20Fb909CA4eC8a07CE8F92BB074945 0.03
0x49ebDF6C7205e763a81e568d7C4eA272B16d596e 0.09
0xdfbaef0edb1c5f00838e4996ef889e07830a83be 0.06
0x851fF6829B89521D052a8477242BA7CfC1e5168d 0.07
0x72A0E993086db6084e7E90868d4f67f839658c75 0.08
0xbDfF6244Fbef202a2741cb0B993bd1950033851E 0.05
0x207897c0a4b4e4d11d769cd0dae9b4c868b64c16 0.05
0xfD8e8C10e9253b4ecBc65CAe2d155e5c936b5f4c 0.02
0xea66daca0946e6992c1c19afd09761d1c2c1efe1 0.02
0x3fA1d6bF0c358A25FB41Aa6a983C2C6eA286ECbe 0.05
0xe038076a4202D0FAd0A103BeB372d1bc974dB55F 0.08
0xadebe158545415fc35a7e9be2627fbd24b5e524d 0.04
0x42EeBA6fd062246A86abf218d7Ff14cb52d11270 0.08
0xe22b96da6a9e66d0692f586569fcb03e20f91014 0.03
0x4C17b4150dD1E8e5f6145896A4b020fe6e28F4A3 0.07
0x791B395B4d86888A89A935f4c2F7fc5f9Bf6F20a 0.01
0x7EcfFC9AFE03182d649B9670a9a2F5022f54B93c 0.05
0x67bD49E55C99a6B7bc1575d03c326d39800b9944 0.07
0xA784650336365A9644Deb86be69CeA6671f00aa6 0.05
0xb7fc53c43d323060C5B3CB20316f4e656C454dc7 0.03
0x1c824AE321060AdD651F535054b7Bf572fE6084b 0.05
0xf0721c9af07befeed6214793250f67a215d72456 0.05
0xFE64450f353Ea68f6913d91354ed8CD8eE6658e2 0.07
0x291D1A1eD99fC3408deAEe9898E533306a3C2Ae2 0.08
0xC4A4302eD0A46931b2cAaFf95732FBe7e7852ef8 0.08
0x0b059609395a0a5a2e9b094fe5fed7a56e6f8594 0.03
0x13D983569aD3869c71715ADAe3342A45E31C4d71 0.05
0x5F60884e78720665D0B48fb321c8Fe60439cfE1E 0.04
0x64B3E91f8B122477398f4b16Aa85E8de19Cee297 0.03
0x4b29A0691F69EFE00753f77f33A7A0101913c591 0.02
0xcF9b18f82840436FF7305E8dff0f76b5ee039526 0.02
0x07Ef60e43c66D3aEe9a5a3240D36A37D6B17cd7A 0.06
0xf88908e9AA57585B57961886ec0a920203138D62 0.01
0x5a118a31e5ff3eb58e6c9e9e91201fc5673b45ea 0.08
0x8A3fe3af206FD52CAC73e3D85060E3Da0F57eafc 0.04
0xf0c6ecb2A65Ffbd132E99d2cE80854689a285eBF 0.01
0x8Bef2f19FA300Df5c262C69E9f62e62357d0BEa3 0.08
0xA8615b6ABbEea2ef8c9BDA134B29BA7c5eb5f214 0.07
0x5382d3025Be1dc98f3AF7923480e4DC0dBC33e5d 0.08
0xF6b5A4b2959356034E09517D382727c6CA8B042c 0.09
0x6925549327bc6d25bc44174c12917977e7abec88 0.07
0x1098761fa6c922e74b037d054fa2b59772f89e43 0.02
0xb1f799c935b1a858d072fb7edf73b24d95b21bf1 0.01
0x2B155A1BE004CC4dEBA1751A483c1A1B595555A9 0.05
0x37ff436e215d9ba02288b42f66c6dec064ba66fc 0.06
0x5659b1213511cD0dc59b964E6010eD43518cD658 0.02
0x5d7c45c65b37f166ca3d209309b708de715c2daf 0.09
0xe0fE4e6e1AF48965B07A94bB01a4c132211582b6 0.09
0xE3CaD6b7811aD1eC16dd29aCb3a78F553773C9Cb 0.01
0x3e62567cd6daD5c2BcF9F034a074094d4d6B736b 0.04
0x20c8AB7CE61D394c2956EFbAFB50B9Cd465D9d57 0.07
0x06D68003ad33d8A1434be7348b947C5259DE0713 0.08
0xd0772e29455998799de330ad5df84ecbfd16ed5c 0.09
0x9268f4390c1865D667FB768809C1de98C95a7703 0.01
0xCe59f58BB247e3388C48545ad02687862f0E6c6A 0.04
0xEA44254e1F103FdebB718056dCcfA68380fb3809 0.01
0xde9c9749Aebf26D9Cef8472aED63E3AC8047913e 0.08
0x1E0055864ae94B9a45e0aE5eE343AFE2153c8e5F 0.08
0xab868404c62a2a84d2fa04675bc02cd1a67652af 0.02
0x898D2F3267ea192D978F09F2562EAd96E0D82bfF 0.08
0x13a9d67516a64a06a29c917f7bbaa40acf8397cc 0.02
0xD3CAF4468B5BbF3169Fa67db0E0d76E7978D3d8E 0.05
0x2e25b38Ec57bE3042E0ccea0003D421feE7f1710 0.08
0x928ea47ce5a479009258e7a8756e8e6abf3b76cf 0.05
0x336126f8C95eeb889e1F91d440d5b5F7935E206c 0.09
0x8A17ae9dE276349c5958cac57A37446F4d9ac52B 0.03
0x101cd25f2Dd8820922dEd18f790A8B0f3fa514f8 0.09
0xEcf9d05a427B0f0e14E79001268AFe00821BbE99 0.05
0x96f5d369e57a3e6bc762f4c646b3d7c6c23bd778 0.06
0x5652198D146D17057423bE4A566bae06E3cD631b 0.08
0x844030dec5986C87667CCF21B13cEBf52A36eBE0 0.05
0xeb81391c05a45f61E67af4D61F180e94435797e7 0.05
0x9357cf75aE48f8e3F27b037fa8aabfa31993CD49 0.01
0x284ecb2e67403df306bc41ee33b630305af639f6 0.05
0x0894583873bdf313eA6dB73545817320f23cA469 0.06
0xAe86B555F57C1Ad79A7ADe3026284d1A05540029 0.06
0x35b5676573c398fCf59A90BC2fF817B27Ad14E97 0.08
0xa73f887Ad436eF74D8d2bE7445DEcd98712c0D23 0.01
0x746EeD287FF21EbF50174601fdd2dC573579f96c 0.02
0xa0B0257B5A3C84738eA76dE79d1A59E5BcCCe22B 0.04
0x32e1263d40a0F5bee68dFCD38262aa76542C43F2 0.09
0x01100D8EcCfd932d7b8dEc781249B2FB35705105 0.08
0xc9A99fFB711191dd6960313818E0C0539067Bb6B 0.03
0xCca28870ACC421D37819cd3cEaDe95eD629Bd4bE 0.04
0xe711168f1ec8D5816B0Cab5df482BFF6caeaC830 0.03
0xDbFff6741B71Fa59D1334905B840F7869a78Cde3 0.04
0x304a55dc8e87ea573c8627b357bfbb18fbeac0ba 0.04
0x5ba9346a3B3499eC77D61e137a91B5Cf8521A307 0.06
0xB35B531649c5cdB52dB1ed3f0eEBfa3b37C76708 0.06
0xD1dc7AeBb681045701FeAa6E2C2545Ea62B578Dc 0.07
0x537A649915b7866C978A4Dd4afB5Bc7f5e4155Be 0.03
0x342EdddeE349100f5d1F7488dCC694c4B7ecb187 0.02
0x4cc0200d3badfedc6cbfe6812a574630b823f86f 0.06
0xCAA37eBCB453B9e69c544F79C2e960DfF30BE9Dd 0.01
0x14BDc7105DC8FF948aE09780CF115540eD0df474 0.02
0xAb9b306E2134Df458436e8A12829e9F9fd37504A 0.08
0x39f5cF1A90A07d9a859d5f1b4Aae9b751A85fDD4 0.04
0x92a2089fb180dddd9475f606c96a556618133966 0.09
0x4C1E283Bcc98471ebBe8370B7F36936ACb0Af302 0.05
0xC2025FF756770F99f4dAFAd21C18eD50dB8bBDe9 0.03
0xf3088385Db043091840ab0bbfbd625e90ab7e222 0.02
0x11695B89477a0a0deffb274Eea4938e99A17aCeA 0.07
0xEAb202271f63BcdE4b98e4361b541D78Dd4Fd83D 0.03
0xAaFBebb3dcC66249c6bb73Cf5934d36Ffea2af93 0.02
0xa51Ba011861947AD9b91230c4bB78BDcD97d4c56 0.09
0xfd4e486103d4e040f2cB7D20F0387eA3f24a39F0 0.09
0x1B669A78cD9c8D573768b3193E1BFE49DC15d6b3 0.02
0x22cf08783F741467C8264035c13e0eBD4F4275BF 0.03
0x39278a0597c51aa28c68f6757b92ed4b5ef55e59 0.03
0xb4981E23Ce325fDfbA9EfDfFD14C1e77A5577Ec0 0.04
0x31A8DC365D565AB178EF37928F8d1a9ce77665Ac 0.06
0x026A9E6aE38ab30b8C4715C199dA8F39979A9E52 0.01
0xD0C2DFb367E2B8096AECC2a80FDE5AD7fc265391 0.03
0xB0F3bCB92Ff3Fb6d1A86b4ceB56F63DC53D7d4Ae 0.06
0x7993925Ee30A316988185107681fc4eE0B38BEc8 0.03
0xB8C7b3AaE9A557c03Ad5aa8683299149Ab6aF8A6 0.06
0x32E64611F881E9A0531A8964CA43827495E1f4E1 0.02
0x3aE2a572652a2AfCBcCa9693f808D373B19ba91B 0.04
0xC7D4b9b6f4339bcD15C675B6641fEA0aF8C67245 0.03
0x93dc138c337926375d0b7584a6bc0dec75677c4b 0.05
0x9ecc64Ed371803729cb419680aDF7002a47569bC 0.03
0xB3865692db8801F92B553D86377ae5eC303e1D68 0.05
0x4bb3edF26814b93be2FB207fFCF40fac269071Ac 0.09
0x6C7e90CBBeaC68c88fe7035295748F0B2c1CF4D9 0.04
0x57C973cC868794CC7F724d2eBb04F7FCf1a11Ceb 0.05
0x710570BDfdAA51d673d130ABef0A3136fdDd072d 0.09
0xAa42ff3ea21DAE637Cf44f7f307A5739C01372f0 0.04
0xfa555fc8ae5ba3658b566a3129ef9cbf4fa9a924 0.09
0xF2DAd4A74515135F16a248eDcEAc1fE1E84e7C98 0.05
0x71bb56c795e2c87fbec55a18770caaa4103eeb76 0.04
0xd38820A089fd50fd2FEdD20729D23ee65A8559a6 0.06
0xBB397266b8e4Ff26d43c13dAea3E13BE3494172d 0.04
0xec83b37B4Ba05779520769f7A169Aed23DdA19Fb 0.01
0x3c0c64779a1f1b8dc655e7280ba28edaed2f13e0 0.05
0xF800d4F3A5eB2e56bA9E29EE23aE40009d8A6B4b 0.06
0x028Ee2569f02222930b835b3a7494a658277BD9F 0.07
0x26f5D9148E61a37FC4b22994FAff9F2d1239d5A6 0.04
0xc2bf9c24be0092273ec86f7fb95562a785cfae4f 0.09
0xdD67A315bB91d0145F2890AE4f444e5EDa0bfA9c 0.06
0xb477f847e0bcd95db4496766819bc4d522e4ebc7 0.01
0x93a01fb9d97df8f032a62c6419033b06869ad3bd 0.05
0x82c5cbe33c2b4bd1823cd2cd2d6f4d68d87433c4 0.01
0xf9c6dfe8d3cc9abb445a4b437ee79b7ae0859cf1 0.03
0x2393873850d5C28b48711f7f3145361d4a85a4A0 0.01
0x420Da637768f8d1bE8D662a25Cc124f94345dca9 0.03
0xba8248520A90Bfdd5c7705f3dbdDB224801999f7 0.01
0xfbaeea0d48d6b127bdee8756ba520a103d066d87 0.04
0x2B2765BD774E7D320Fb910E47aF772e3914F90B5 0.06
0x2Dc1e54d6DCC8bD92e1605D3b46FcEB379Bee82b 0.03
0x9909eE0CED2d67fd4242DB26a72184959Fc17A16 0.05
0x1bc582684f2d13e22F3352D775C866716b1b95C0 0.05
0x831dC8E3Ccdc8B9f628052e97A0C0F8E2959fAA1 0.09
0xBc55d0073f8e1700cb7e040cdCf7235070e6A55F 0.07
0x476e7d8E160931484Af86d2720bCfeDC1e44F4c7 0.03
0x648084a300e45867dbd473c591b8d63f11196be7 0.08
0x0f0bd947d5b9655f56835cb3d3cceb154c9d1786 0.08
0x77E33d9f18584802CFaB6Ee60AF76ff9aa3B8Cf7 0.02
0xa70e86a530f2dbc9ad05b99b025d02db0f4646c6 0.04
0xC953fAcF18c423a1cC0851d3ea3cECa4d81f86D2 0.03
0xef25a2d1C3036b04B480cD72E75C1cEDad42D64b 0.06
0xcB9440A52E6dd69959a70B7d5dF786825caabDf5 0.08
0xcDe96826293159f71b1B2a4D4fFd0136FCd82c2e 0.03
0x4dd1D1ADf8d1AB58Cd94343706a59f970ef6a06E 0.05
0x0a325A523f362ec7315F788b6aa4392c6CaeD92A 0.07
0xB10bda5AF53eFf406E9Bd782137208804c9EE0Ec 0.09
0x46FBd53a62A6AffDBd7752b1eC851a778CEb3768 0.04
0xB9B2B55Faf658DAef0708Cd256F9bDD85BdAA644 0.04
0x9EA49069B1c5c28a5D72B23a8F6f8F1aE67B057F 0.03
0x9597Dd564C27E57b94c028F592129c06D8896607 0.06
0x3C84719C2049D6e4A9b0bb9ed5403431b7b19017 0.06
0x842611E45Cca83a8172898A014823817114FeD60 0.04
0x5627078d3ff80104c9752b76c98d1b5028aa053b 0.09
0xfDF394e9eBC31fdeEd8eF4e2a5FF5B03EfF443be 0.08
0x19a901c12660e6119e215769449154e7B07e2Ddb 0.07
0x70b2Fc8F9b81273c614B26905B1Cb5b05eC5cB1F 0.04
0x5d7142c223ced450fafe5979F75F59AA08e18c11 0.05
0xC8E644C96cF1e40CE3839F30D7d0307A9ee375d7 0.08
0x5435b652f04768d6B859c7323444d9Cfc3cBCA5C 0.04
0x7b2af8dE2c4b053aEa50e6B593e2313d16313271 0.01
0x9541b9eb06AA813EA418264c6F3e5970DecEe17B 0.04
0x728568dE0105da5C01cEAfb327bB4696935C54A1 0.01
0x43f5AcF938fE00bA32F2620B106e474Be322fE52 0.07
0x3e956cb770e1e917d88e4ae835f90f752fb47c35 0.08
0x4D99c1dCA738a5E2B7a4b98A73F90FfE8C1b5a66 0.04
0xbFD9f710d5060c3646ceCbF5c9aFA30749C4178c 0.02
0x4202Fdf834823AADB65947D2137b7089986D9aD4 0.02
0xb5455c90c5FC8DF3387a474C311fFebC62AdDAa6 0.06
0x9f8f611e937e2219c1b7442ae201e38a122dd995 0.07
0x396352b276F11Cb3E68B61114c5fE69437Fd635a 0.02
0x1f5d9f5eB361DF32098E623b9C36b36Be07A9819 0.04
0xfB03Fe377E9A70f08595cA3495A8b8334a95A2B3 0.05
0xFa4910443ebE46A9cd69F734eE9e3c6C07A5E344 0.03
0x3D7167B266f1FDB2d0C06A851B1454102B0260F3 0.05
0x1b996a4c7ad3b80fef27c0c202cff22f76ef5a28 0.09
0xC2d62c64e8411489D811bd45f020f3ffb3072D0A 0.02
0x7bce215b0f3fbe3f11fc4a3e6b7bdd979c40d42f 0.01
0x5d8745066616aa0626fad10dee5cf22ab7ae1d37 0.04
0x09bc0dc4b5968429104a52c3627767709ef605ef 0.01
0xFc0FfFdd6bcb0980e545C3969050Ff0C294CCa40 0.01
0x5e838D550BEE458C60bEa946DE526f16552996cB 0.04
0x9ec473bADa57f19ec747CFD30d2De39727b409fD 0.07
0x31076e1a8e3e1fc35f4dd24e640265483747a5f8 0.05
0xBF30d0699F36C7E75CD721EC13E8c930CC546feE 0.05
0x58ABdbb60987EE613B9C0BA32b5aE03E14D0E127 0.08
0x56c99c60c1537f70022b6c2284c33f356b05e147 0.07
0x6B21b0b4aD66f8D2E25eAdA990F7E206Acf6E42f 0.05
0xdc6fcf0f15741c65742a02a99dce1d9014381da9 0.04
0x90E5Fb51Ef12437efcBf20f48027E2B61EeB3e1F 0.08
0x2f9CA9C332DcA8B01697fcFd254313CDf4Cecbf0 0.04
0xe56A160b46425364cB5c81E6BdcD7Bf476ebD984 0.01
0xafE745ffB7F2aE5AB1b523244e235202F9a49185 0.03
0xC802506207A588cF85191B14693743d3777aDd8B 0.01
0x7126121cA547d91c285C26E7bee5275972bc1Ec6 0.04
0x2961a30a6d1cdbbdf90bfc0e6539a55913242e06 0.06
0xf48Eb7F95c728bA0D4fa17cBDee0947774e8A2D0 0.01
0xE6F180942908B9Ce0EF3b8132f85A30721Ca0BA9 0.03
0x295A94A0c3BC4c7bb34AD5ef4F56620BfC688D6e 0.03
0xf6EF07530072AFfC111E3050D62784724d067697 0.06
0x39642eEcA2715e0a9Cc91942333b0793B80757f3 0.09
0x1430d679B872A94DAb5E4e0f1049675E471CD02e 0.08
0x4eB343C53b0304CD17fd8E91D02445C7bCd936f1 0.03
0x156c9aE5ff3ED7cd81f464527490Cd353758F102 0.04
0xdee297be6909e510124c72db1ea0db42227c54c3 0.05
0x0265BdaCa5395d7F99AD7c50F01D695fB8977Db2 0.09
0x15b0f5A2eA88725Ca1564497e1421AEabFcC3e6D 0.08
0x59132ff3baf77c5c9ba9543849e8b48fdf4e34df 0.09
0xb56981aFdA3FDec836B538E50D174D0f15Ec4C3F 0.07
0x0d5691310da52b162b6098d4371880656639cafa 0.03
0xEa13264319B146e18B50FD58ad51D27b21081b53 0.04
0xf806f68572CD7b252b6a8B72b757D8Ff95219E3D 0.09
0x996Dc1c0f467C13F11b6323A86F7349F44229ada 0.08
0xb38cd8a06E6AcD98aC4521886BE357779cc4Cb62 0.07
0xC1583312CE989a230F8d55446e9c1E163A049e13 0.01
0xe04cf3dda3954515405d2a2c19ee3b5de966be56 0.09
0xA15770a105d0C4729Ed3F84E033B7A7D06B08eF1 0.08
0x39c4567dCe5dbb72F4b194fAC0DA20b242B0Bf26 0.06
0x62d6efe2e892b60b38fd9911238c51170a52aecd 0.03
0x72859c52A4dCE358efBA6c1926d3cB03779fCE96 0.09
0x5968Ee8F9A5f1D289F5dAdF133CeBAbad639da03 0.08
0x15201AFbd06BF7aa64eC565A05E6c26f7331c263 0.07
0xe22190B38da6fEc39e995Bb27f078A642D99c5B9 0.02
0xA908b04281f406668AFe9ae913d1D53ad3C16E0c 0.05
0xC9a6340adB7E1805060dc787fbde95242EF12760 0.03
0x2506c2724c11004846a2d41728a832de53fe41f1 0.03
0x1c915fce7b477340a9264f19e860843c37b33188 0.07
0x75439F89e18a236A6C5ADFFD97750d40b9D0dB88 0.07
0x9271ADa30Ca35c6328CdBe25390E9e85EE3C2e28 0.05
0x7cDA58B16062d322dB09b5A9F316E59D1F67A808 0.01
0x131198C0BfF187Efca2d9164C48AB163c45DB895 0.03
0xb1d454c661e2750ffef15f22290fbd93ea7eda84 0.07
0x20e34EB1587B1dC085AfA1A1B68E86D623d2CF1b 0.09
0xD36fDe6FCeFaC5587feE346f37e66485B4BD8cf6 0.07
0x667d533fb27eA4Ed5fd1aCd7d2158F5d3C74534b 0.03
0x557514f8Ce243fD0e239E53Df18630Bb98cF3bEb 0.07
0x93Ed41743f151bf8F1D46e23F65605dA45388FFF 0.05
0x67c380F950E3fa46A12b013589D58aE237AB29aF 0.03
0xe50386650262dab284f07b156e72db28645a305e 0.09
0x17B42F55E9632CBd89d0A5b3c2D96EC6c9c62f79 0.04
0x805ec59f02c3a7e849f243242273bcae7eedac6a 0.06
0x845b4b32a3572dea79ab456150ab268e1145790f 0.01
0xD6925C970d8f63C1CC490d81aC6A8c4dE5BDbAA0 0.07
0x4A25810bc2c253ca2F50AceEdf524b8e87971004 0.04
0xaCf93226fFC4535B2d1052B24Ac1818283f87F90 0.02
0xcBEef21C36F749db5091F533632F0DB881f6999a 0.02
0x801f425a3d5cbc0FFc649e54C8631ecbFf9c9709 0.04
0x844EA1ED044f07412fD773B4a0EB53b3e97d9430 0.08
0x32dDb091FB054735242F97F1958a2BC2f4F27558 0.01
0x3cacf98a8043d916ebb5558b25f06682890dee00 0.09
0x0DE9219BCf14356344559000a8CFf2C6525427c9 0.07
0x727018b61b19535ba7a24b4143727acb421ccf8a 0.02
0x2fC5595971d0f352e84Ccc2A7E49937B7901668C 0.06
0x18d13c2BE7B39CfaD02CeDA90b2CC1A7a6A5ba90 0.06
0x9B523E0c160C07349C0961F5137997BC10026105 0.07
0x7DE3B14974D8ADE4656947fe61c13a3F3BB08505 0.04
0x845f96C12Db64D75E68d1F19C74a77e55edEbB8e 0.06
0xfa09aE7283330bAa437639d8Bbfb0b434BB036bf 0.06
0x2cBDbce3b9471c7Fa6266f92D40E311897277521 0.09
0xef5E3A47750f078461bBc2399920cBc17B57F45b 0.08
0xb6d73DD953ef84155bbA1D6Ec5D6C8A5BE21F680 0.09
0xfAC6E6A2CF24afa1EDFb6e042661ff90BdbC2C4D 0.06
0x8Ac8a881A58F66B7d3339E4F858489666994A092 0.07
0xB507B13F27f31377893189411B90584777EC7dAd 0.05
0x49CA053b689799DEfcCBDEa26404BE7E1083C727 0.09
0x47e68DFd8B04aC91cD09C9dF6e4e38387464f68a 0.08
0x9635594e3c7A10BED32Bb66408E9370076077501 0.01
0xe172430c837e79b4a51460835aec161b833aafa2 0.07
0xD076a2CF7235444D4F2d2a3f5104aCde40050E93 0.02
0xd167F43d1BEA3A825A51c6D6753D3336Ae323871 0.04
0x597fedDe28736711b6c24Ed6B621d48959a72520 0.06
0x79757fC1b18619d930a902E196d1cCC18994B517 0.08
0x4407df254FF2cA46b9F2fcF5BA18e2d65Cfb560C 0.02
0x18111DdA6b56464aE88439346037ad7Ee683353A 0.07
0xdd0f6f7243f569e083a7ea1864ef3e80f9a49b45 0.02
0x2b53c4907282CA91750C50FB817d122228539909 0.05
0x3Ed7B2729C9Cec98eAD6b67267Bddcf8a6084efe 0.05
0x4bC17e0C2C0B83899bD73e17654F3B1E2dbC13f3 0.09
0x80E47f31d16B60c0608Cff1c8Ff17723C8cd0924 0.08
0x26Fb56F8Fd435dF1d834590C4c66123F7CA31A18 0.05
0x2439457724e215F3D5cc99d1d513253812A87F37 0.03
0x291215eb5ecc4931fc050372680719be0995447a 0.06
0x1ADFf8241F2d10E293209a31439aBDBEa2D08452 0.03
0x3c7d6c6075f12093768c23de42ef3de8d5d27204 0.07
0xac3035022Ea95773A12d4639970Ff7bc723db366 0.08
0xAa91946333Aa6b210c1F9Ed586feF44A508d2a91 0.01
0x78d0909BC77eFF959CCE90eE2d77d3Ce0bd0ae0a 0.03
0x98c68fE57c59BF6383dB5Fe97DEE2F241E175287 0.01
0x8Dd2479878BE6d412784CDA1c5595ffE5a6319Fa 0.08
0x41f92a35d02bdf3e1678118dea91813e95d11484 0.01
0xeefafbd648677b3d4254130f4740b43609a2f680 0.01
0x82AF599aE8a62842dA38be6E5d4b14cD5882bddb 0.04
0x75606E47d604d0302BcaFeD30063Ba2030f7D9F7 0.01
0xe97F38E7eE20BdE2B068f342aAcedb07D9Af55b8 0.02
0x20a8Aaf830Fd04ec0678Fa77e643BE8d8fDB063B 0.09
0x4f40820b5a1a9df395083924890b1a33f9408bc0 0.01
0xC7EF24CeD7F766bc5f502BcD3bf20c81eb2fB644 0.06
0x1118dEfAC2f5D821914F0709c3cC0443F2364875 0.02
0x4a4F6B77B529F184a320995C0b91Cdb7f1eB9531 0.09
0xC6E747e1de05Dd3b0285b595E58ceFabF374E829 0.05
0xd3e11ecf8c1982e501c46cf58c1681ede9541699 0.03
0x27146F3ffF287276e4904eD243107521E7A52261 0.05
0xB1A7f5A7B56109AffF6341CC3e562bfC18dE2c5f 0.02
0x12FCFF77e834C0119b9C6C5935C455896890AAe3 0.01
0x2893853e996b700465dcfbcf3bfac2c9603aab0a 0.06
0xd222372f76D5558feC78aca73AD6f4CE81133a06 0.02
0x6cD071B1ab0B66773a14B872461de31aE30B3feD 0.01
0x1CC9347dF80C6898F83819a048d1fFfb12Fb3749 0.08
0x6e59c3AD0c5de4483Ae0f40487350825D566eADD 0.07
0x270ad8B7C544A86f7a016a359c9FD627f51a40C5 0.01
0xD5cE9EB27610b47ADd055F1Ab7Ae5B9cb8A7E71b 0.04
0xd89e19b16a10f998d36d20f4d68c191e921a0505 0.03
0xd58A92018966049eF0D3be04d75F9b4275F0b25B 0.01
0x2314e1e0b88886a8691bc524571F6c547bbbFa4E 0.09
0x72462BA2786F77d3e77292C2772C39e1F24f213F 0.02
0x3beC221ffaa3429e19525c664960fFa020E82D72 0.05
0x08D838097Cf326cf2B663B404902b371c141D64d 0.02
0x008d43b0F73DbcC4E22BA05B093dCaC79Bd59079 0.03
0x927abbefc29ea504070842e9fe0e71b37d160531 0.08
0x122337Ce0e4AC276070fcC1F57E8078CBA425cED 0.09
0xbc13E3939D9c0f50bBb0e6e7a6a563f31b5F67a9 0.08
0x293c31779c2bbcee215b570f820df370c8fa5b9f 0.05
0xf78adD37B87A5E29540842Dfa4818cdaEA49356B 0.07
0xEC00531137DFA6723217A8F57668423A4A59b614 0.03
0x6060afb2b45155828eefaddecb33e4efa0f153c8 0.08
0x186F61e1D36715aFdFb68050ad42E4e17cca76A0 0.04
0x786529998690e9d7c609da101615640c663954cf 0.06
0xb16e7143F32c8661F0bE509FDBdce2EB536f9b98 0.04
0xac5612ae60a05b0bdddf608d35d4cce30b3ae481 0.06
0xBc14B1ED8dA6E6eaF6d8d7ba21401B92B10A5ED1 0.09
0xa1e1d30b1f5b7da9d534f5351f649f386c8b676b 0.03
0x473b6C94E482C69F29D7E586a3910b05808cff06 0.05
0xC7B5b0Cb76529cCc5c8B91eeD48FAf3C36f02945 0.03
0xb31a31019cd844dc530ee22d63d0f35edd32d57a 0.08
0x8f240F920101cC8b321A6e73b5F89D08DefF4524 0.06
0xba68c40ee7b8dcb74316c75ce091d43c72609e98 0.02
0x0Fc1C4261cBd97bcaA2068D52329CfDEA01C2AAa 0.05
0xf9a0313916180c700dbbafeba45a3814ad2d8826 0.02
0x7B6546E931F7CB0dcb814e53D90c9FA77b21B8c2 0.09
0x86ea32001920b679ac2c7fd505116afd224b5a6d 0.05
0xefd4fccc20c67d1cf01a75e5a793527fb2435212 0.09
0x1924af8B6175FB7b7A83E1d1a9344FE077054cC1 0.06
0x2312d1acf82d551146ae96dba325fd9381f69ab8 0.07
0x2ED56Cb8026160ce0dF8f2E777b053e615fe37BE 0.05
0x3fE440A855F127489884b47A5d932d73fA4F71c5 0.09
0x5C27cFFAf37Cf3c57aB24c0B3EC19F2eED2a290D 0.02
0x616299AEfab217823591c004b80675627E8e3025 0.05
0x2cc52973C005825f9e97d3EdEa40F77897a77E05 0.01
0x797F3012F725ccc7FD92FDfA3EeCdA6963e5a2d1 0.01
0x4b82d4ab743181f289ba621b1c6c8365b34c69b1 0.09
0xf6E3a08bb1F1aBf51A32d65EE83F7d9f32dd5977 0.08
0xb2f4d3b112160F46a1230Df88b8daE3CE30032a5 0.03
0x2589C5bc324F0cDd408407ba3DCBc8962B246B5F 0.03
0x11cbd5f60A702F4EC74FfCE2cF1C1f5Ebb3A8448 0.07
0xebdf8e64b197c531b8d43025578fa310b1a2e818 0.05
0x3a293983b0315fe4f957fdbb1e78c0ee58844ac9 0.01
0xDbC1fE2B4538bb7b05afDf74FbeDD885E7a911fE 0.06
0xc4a6b5658e99946af30bf17e58fb7d5b04331862 0.03
0x24EF8e4c2cd447B6A10F2bb684d4E70d988b9668 0.08
0x12dd85208e3b4c8561BEb20aB08d6b6798c389f1 0.03
0x642e1977143ab4fddd54bd5cba8f33283993d2eb 0.07
0xd85c672baee635ed3c171317a264a7d4308dcf15 0.08
0x15977FF8BCc6f22e1d94C50dcF57096ABa6803bc 0.09
0x476548bf7ca39aad2236636a5d4082ec37fea4f9 0.03
0x478DefCE86781B93f8DfF4273C98B63e0FA049B2 0.03
0x9545F6B1A2204e38103D880dF47bC7D81D2C920C 0.04
0xC803377bA4DDC38f2Ece14E0284FBe6C4e28f29c 0.03
0xD41c00b64E1740f87a30Db5532C2A7fB4D84BECD 0.02
0x3981a8f811fcb03734f67c4e682fe4327e575f2f 0.01
0x9eA4bC47aABcF0268d68D4740b821ad1CAc65483 0.05
0x3b7eab24d772846dff86954bf6420f5723aa639a 0.03
0x46B98f48227aB79bdc90690a70cD747626d7D50b 0.03
0x8aa5243295c8965ff37cffd2e3f8b514e791dc87 0.06
0x1adB942B06f02d61d5d9fD8526f2FA6Aa69D8c59 0.01
0x192513387b1BC31597EbF9f858e19bcb410EaD6B 0.04
0xfAeB3e15E19Db33f5ac670377e2Ab2a6aDE01e4d 0.07
0x3CEE687FcE33045EcB021FfbBfd726A75D95C319 0.02
0x1B96b6BBaC101e2bD97523DA39323F719662b796 0.01
0xA4f7B6A8b076eC679D371e42B29ce9Dc2e7a0801 0.01
0x0b456d3e0ed1e0bb33f496cda1543123e0ac4af6 0.07
0x4261085224B3e00DFc9ef3DcA4dd17E0dBCa6974 0.01
0xe137e93cF2E6f044659b95f55e91c2fE1E3D2C08 0.06
0x00cDD54A103D2548A599b23E6608ca93e1893FeC 0.08
0x10144C1c606a81645936acF211E28E33F3d16AC2 0.01
0x77aEf0b32c359eE34B821F2CA8CB7AD33AbDC2E6 0.03
0xd5f3f3aE2dcB71914FE79b019F459D6852Ee2262 0.06
0x8D3Bce55D3c3025B2EdCB2c4CA52d2170EBC9D34 0.04
0xD20bD090985b09eeab6CdF349e10711e6200CdB6 0.02
0x2b1b0d87c68485e6a879bf06f717a4b3cb4f7aad 0.02
0x6737481a2C74D230B568729525927c0cFc630C80 0.08
0x7594182d338Ea080D154a9250eeE1aAe99A6befB 0.06
0x40dd94f5adb48BD4b4156f7fd913F5A882E0C9bF 0.05
0xaeD7f912BC1F68f0b4E29dF0Cc4446F021b3C98c 0.09
0xb0aaf6ed91222a188126db8a6b132833fa0e0a44 0.09
0x4bF4Fe0A74c6d1d8415040A6161C2878803F47Fb 0.05
0xF5a991067C3A4926E3874d818A8D2f4AeBaf06C9 0.08
0x0778E35897cA94caE124fA3FEfdE0e66ab6A1300 0.01
0x5585Ee8308e149FC0AC04E6FdCAe241AFC1534D2 0.09
0x785cc72E9DF2f16B59BcDD37e2a049602ab9aa89 0.05
0x099e8C2f3636436198fc51F459eeB753cC17Bf1c 0.05
0xbb61254953e5a2650b21162ace7198a12c7014c0 0.02
0x26Ed9D37909D9a9Ff661e86015D0B4974C02A714 0.05
0xA038C8330B2E9DF92A01767f641d5945e9A90353 0.04
0x7c998fe3398a0C66e3FF0072813F003217645720 0.04
0xeF84b24C25A0507f0Edee7E4618cE387959B8777 0.07
0x521905d31bd460b4543a24CAB151e90f3Bd916B2 0.08
0xce9635e85fa50Cb46a60c23B1284395DeB2C7912 0.03
0x1e772c0281b2658AE3E4df51baF5C77f33667a1d 0.08
0xdceb629ce0a1c6e81cc24aefed6922bd25e5e25d 0.02
0x1E2DcB16e12E23A19A4BC4C4245Dc9942B994350 0.08
0xc40bedeae053787b2159f666f4c6d526d7b76cf4 0.06
0xac6c60593f50fa46521bc28417a8bb9becc37da0 0.05
0x736eb8a619ebd54acb589dd7df42890d25641adf 0.03
0xFdb6a41Da1B9b22bEcaE9F0f17e615c6855f0CAB 0.08
0xCcE1491bD5EAc1D6329C5c8689bb0D873Ed87B5e 0.03
0xEa40272571b523C87e67F392F942C28668201eBd 0.08
0x0742b4427960e1935a69956d16ae4e774f888ece 0.07
0xDFDD79b0F6a23fAEbf7b2a811827194b105bfa28 0.09
0x63c034d576728751C9716fef617Ae1380Fc91c17 0.06
0x6dfb278b63fee1c54879d1adcb99f59b399b5253 0.02
0xE026bdDF103FE8d9939c9B9cBB30Bef4C9dA28a7 0.02
0x7Ba0692ce788ebF278303e5bfE94BE6702918adF 0.09
0x25a85589E9aEC4fb14fEfE6f567Ee49E6d6262ab 0.04
0x16590536C25fe73bB567a72a246584a716FECB51 0.09
0x809E2E87A52D889015d194e34Cb327224348c4AE 0.04
0x5eB15100cFb6C5E68307529Fdf2EAfF362CE7d38 0.03
0x6a6f72babf279e781be604b3473d3939ddbf729d 0.08
0xBC676a1364a4Fc9AA98Afd64181c1B83C60A13D7 0.08
0xa8d899e2086c86f2F5A5a7ab5124f5326652767e 0.01
0x0E0d1cc7464376ff6Bada24e55114b9f5945e1e2 0.02
0x2c5265E7eA47A2FEfAc859ECD93B617B8f844009 0.04
0x18f00538D042C07E9Cde043fC94A37C86825c875 0.05
0x628e1143df9bB086D3FA12074eA51d66CD025037 0.01
0x0caf0FBCa83De3a544c4D7d3E6DB0C033a3aac3E 0.09
0x102028c4aa7eeb4ae75517224c4fc9f5d117a77d 0.03
0x4e3dcA413E914eC68cE6b3F23F84Dc3abfCec5B1 0.09
0xb657abE703D046ffCCe09eedA1d13A5Db5Ae5A79 0.09
0x31cd8cd5a080b6D31e6d3a0B18Ee24D1d27CBED1 0.02
0x9d4df5f74cf178119d08cef57d0186d6c75550e4 0.08
0x45e9cbc60bb301941630f046a167e07a39435739 0.01
0xc9F44cA1D383Bc48DcBe4Ea530B636CCFF577019 0.05
0xf1C823A2Ff13Fee5A97617159E96751595A7dEa2 0.06
0xBDcF85C474df3e7E1cA5ca4E23E891750d1281ac 0.09
0x7b234f98aBABd152aEc3bcaDfd5C005997917a1e 0.02
0xf7fb3e7e17b78a855def652c6d3840db61dafd04 0.07
0xA6b8aD1967C9508bB14e08A910275fc0355dd2Da 0.02
0xf7e023c2ed0ef0eae4b2f1203c771705236a42ff 0.04
0xaeF23C0a463e659085Ec6e5c277194D7606Bdd94 0.05
0xa0b7d936bca4c69e5762218ee45fec46b670bb0f 0.09
0x356e46a3a6fd6ddfa76f79f00c09f1f5b2b18c9b 0.04
0x89ee28a572f396a32b360b8b93c1eeeee4592510 0.04
0x92B519569C0a2dBb269982Cc4E9c39c45E342dd9 0.05
0x116991951618b40987b9f48f6befda3c2b211f5c 0.02
0x295334620403542F41FDa3e8602015C13581831D 0.07
0x8138A5F1b257dE40FF44020B4F75382115f5DDD7 0.08
0x298e713c7c6953c6b9313162c32ed8613e1a2f0e 0.06
0xbe939bd86ea3263af0bf1e48d82acaa621c3d2ca 0.07
0x295aca7dDA69533Ca78410Da4fcC5EE2BAFd1545 0.07
0x7019aef05b85cf1cd254e5639a4f815efe10c73c 0.05
0x13BA088E71B4E9F67d8B915C05Ea51314A6685AD 0.05
0xae31168bE5f76463fFb5a72512674e809C5a9822 0.08
0xe0f830b052cae916775c3d35548170c6dfbb0556 0.08
0x91e45d7482cc318cf8dfdab6eb58d189eda42546 0.03
0x79d42f8b9e095f9b524d1c6b4cfeec03d7f699e8 0.04
0xdDADE5a654e3C8bBe9dC82a376B4f87cDe97Ebf1 0.07
0x9481344FF266D7d2f526A6Da41789ece0c3635D7 0.03
0x318bE8e6cFB1d2963a42A53deeab464Ab6bEBb46 0.06
0xe7836c7C9812759E519c71968Bb2026278EeF19B 0.01
0xc4442b01f6f705172ba9be71a0682f88754191e4 0.03
0x8cb0A6a0D8Dc866598fF9FCd75aCC3DE03BdB011 0.06
0x5468Ccb476503f14B2EbAA7d75ed922e00152C12 0.03
0xC895c87Fe390FCc3261A2D918b733392d34aAC34 0.06
0x625d00558c17de1f5fc8a515cb8dac256c8eb986 0.08
0x6142f68939fF584deB0B0FF8966821421796fF5b 0.02
0x4aaf660282b9688cc8EC7306A9E38a05715B81E5 0.09
0x7C6df10060BF038FFA037E4b1A6AE9E941474Cc9 0.03
0xA52f4b392c2050cD36C4652F22977432dC4877f3 0.08
0x094F65f81D75BfeB8c984D459Fe3C6f79091b0B2 0.03
